0126141638;1:50,51,56,61,66,71,76,81,86,91,96,101;2:106,107,112,117,122,127,132,137,142,147,152;3:155,156,161,166,171,176,181,186,191,196;4:198,199,204,209,214,219,224,229,234,239,244,249,254;5:257,258,263,268,273,278,283,288,293,298,303,308,313,318,323,328,333,338,343,348,353,358,363,368,373,378,383,388,393,398;6:401,402,407,412,417,422,427,432,437,442,447,452;7:456,457,462,467,472,477,482,487,492,497;8:500,501,506,511,516,521,526;9:529,530,535,540,545,550,555,560,565,570;10:575,576,581,586,591,596,601,606,611,616,621,626,631,636,641,646,651,656,661,666,671,676,681,686,691,696;11:697,698,703,708,713,718,723,728;12:729,730,735,740,745,750,755,760,765,770,775,780;13:781;
0126141850;1:40,41,46,51,56,61,66,71,76,81,86,91;2:94,95,100,105,110,115,120,125,130,135,140,145,150;3:153,154,159,164,169,174,179,184,189,194,199,204;4:206,207,212,217,222,227,232,237,242,247,252,257,262,267,272,277,282,287,292,297,302,307,312,317;5:321,322,327,332,337,342,347,352,357,362,367,372,377,382,387,392,397,402,407,412,417,422,427,432,437,442;6:446,447,452,457,462,467,472;7:476,477,482,487,492,497,502,507;8:509,510,515,520,525,530,535;9:536,537,542,547,552,557,562,567,572;10:576,577,582,587,592,597,602,607,612,617,622,627,632,637,642,647,652,657,662,667,672,677;11:679,680,683,686,689,692;12:693,694,699,704,709,714,719,724,729,734;13:739;
0126142037;1:50,51,56,61,66,71,76,81,86,91,96,101;2:105,106,111,116,121,126,131,136,141,146,151,156;3:159,160,165,170,175,180,185,190,195;4:196,197,202,207,212,217,222,227,232,237,242,247,252,257,262,267,272,277,282,287,292;5:295,296,301,306,311,316,321,326,331,336,341,346,351,356,361,366;6:371,372,377,382,387,392,397,402,407,412,417,422,427,432,437,442,447,452,457,462,467,472,477,482,487,492,497,502,507,512,517,522,527,532,537,542,547,552,557,562;7:565,566,571,576,581,586,591,596,601,606,611,616;8:618,619,624,629,634,639,644,649,654,659;9:660,661,666,671,676,681,686,691,696,701,706;10:707,708,713,718,723,728,733,738,743,748;11:749,750,755,760,765,770,775,780,785,790,795,800,805,810,815,820,825,830,835,840,845,850,855;12:859,860,865,870,875,880;13:884,885,890,895,900,905,910,915,920;14:922;
0126142253;1:50,51,56,61,66,71,76,81,86;2:91,92,97,102,107,112,117,122,127,132,137;3:141,142,147,152,157,162,167,172;4:175,176,181,186,191,196,201,206,211,216,221,226,231,236,241,246,251,256;5:259,260,265,270,275,280,285,290;6:295,296,301,306,311,316,321,326,331,336,341,346;7:351,352,357,362,367,372,377,382,387,392,397,402,407,412,417,422,427,432,437,442,447,452,457,462,467,472,477,482,487,492,497,502,507,512,517;8:521,522,527,532,537,542,547,552;9:553,554,559,564,569,574;10:575,576,581,586,591,596,601,606;11:607,608,613,618,623,628,633,638,643,648,653,658;12:661,662,667,672,677,682,687,692,697,702,707,712,717,722,727,732,737;13:741,742,747,752;14:757,758,763,768,773,778,783,788;15:793;
0126143115;1:35,36,41,46,51,56,61;2:66,67,72,77,82,87,92,97,102,107,112,117,122,127,132,137,142;3:143,144,149,154,159,164;4:166,167,172,177,182,187,192,197,202,207,212,217,222,227,232;5:235,236,241,246,251,256,261;6:263,264,269,274,279,284,289,294;7:297,298,303,308,313,318,323;8:324,325,330,335,340,345,350,355,360,365,370,375,380,385,390,395,400;9:403,404,409,414,419,424;10:426,427,432,437,442,447,452,457,462;11:463;
0126143251;1:45,46,51,56,61,66,71,76,81;2:86,87,92,97,102,107,112,117,122,127,132,137,142,147,152,157,162,167,172,177,182,187,192,197,202,207,212,217;3:219,220,225,230,235,240,245;4:247,248,253,258,263,268,273,278,283,288,293,298,303,308,313;5:318,319,324,329,334,339,344,349;6:353,354,359,364,369,374,379;7:384,385,390,395,400,405,410,415,420,425,430,435,440;8:441,442,447,452,457,462,467,472,477,482,487,492,497,502,507,512,517,522,527,532,537,542,547,552,557,562;9:566,567,572,577,582,587,592,597;10:601,602,607,612,617,622,627,632,637,642;11:645;
0126143431;1:45,46,51,56,61,66,71,76,81,86;2:88,89,94,99,104,109,114,119,124,129,134,139,144,149,154,159,164;3:168,169,174,179;4:184,185,190,195,200,205,210,215;5:219,220,225,230,235,240,245,250,255,260;6:261,262,267,272,277,282,287;7:291,292,295,298;8:301,302,307,312,317,322;9:323,324,329,334,339,344;10:345,346,351,356,361,366,371,376,381,386,391,396,401,406,411,416,421,426,431,436,441;11:446,447,452,457,462,467,472,477;12:481,482,487,492,497,502,507,512,517,522,527;13:531;
0129114054;1:1,2,7,12,17,22,27,32;2:36,37,42,47,52,57,62,67,72,77,82;3:85,86,91,96,101,106,111,116,121,126,131,136,141,146,151,156,161,166,171,176,181,186,191,196;4:199,200,205,210,215,220;5:223,224,229,234,239,244,249,254,259,264,269,274,279,284,289,294,299,304;6:306,307,312,317,322,327,332,337,342;7:346,347,350,353,356,359;8:360,361,366,371,376,381;9:382,383,388,393,398,403,408,413,418,423,428,433,438,443,448,453,458,463,468,473;10:474,475,480,485,490,495;11:496;
0129114153;1:1,2,7,12,17,22,27;2:31,32,37,42,47,52,57,62,67;3:72,73,78,83,88,93,98,103,108,113,118,123,128,133,138,143,148,153,158,163,168,173,178;4:179,180,185,190,195,200,205,210;5:211,212,217,222,227,232,237,242,247,252,257;6:261,262,267,272,277,282,287,292,297;7:301,302,307,312,317,322,327;8:329,330,335,340,345,350,355,360,365,370,375,380,385,390,395,400,405,410,415,420,425;9:429;
0129114356;1:1,2,7,12,17,22;2:26,27,32,37,42,47,52,57;3:62,63,68,73,78,83,88,93,98,103,108,113,118,123,128,133,138,143,148,153,158,163,168,173,178,183,188;4:190,191,196,201,206,211,216;5:217,218,223,228,233,238,243,248,253,258,263,268;6:271,272,277,282,287,292,297,302,307;7:311,312,317,322,327,332;8:335,336,341,346,351,356,361,366,371,376,381,386,391,396,401,406,411,416,421,426;9:431,432,437,442,447,452,457,462,467,472,477,482,487,492,497,502,507,512,517,522,527,532,537,542,547,552,557,562;10:563;
0129111131;1:1,2,7,12,17,22,27,32,37,42;2:46,47,52,57,62,67,72,77,82,87,92,97,102;3:105,106,111,116,121,126,131,136,141,146,151,156,161;4:165,166,171,176,181,186,191,196;5:197,198,203,208,213,218,223;6:228,229,234,239,244,249,254,259,264,269;7:274,275,280,285,290,295,300,305;8:307,308,313,318,323,328,333,338;9:341,342,347,352,357,362,367,372,377,382,387,392;10:397,398,403,408,413,418,423,428,433,438;11:441,442,447,452,457,462,467,472,477,482,487;12:491;
0129112015;1:1,2,7,12,17,22,27;2:31,32,37,42,47,52,57,62,67,72,77,82;3:83,84,89,94,99,104,109,114,119,124,129,134;4:135,136,141,146,151,156,161,166,171,176;5:179,180,185,190,195,200;6:203,204,209,214,219,224,229,234,239,244;7:249,250,255,260,265,270,275,280;8:282,283,288,293,298,303,308,313,318;9:319,320,325,330,335,340,345,350,355;10:356,357,362,367,372,377,382;11:386,387,392,397,402,407,412,417,422,427,432,437;12:439;
0129112226;1:1,2,7,12,17,22,27,32,37,42,47,52,57,62,67,72,77,82,87,92,97,102,107,112,117,122,127,132,137,142,147,152,157,162,167,172,177,182,187,192,197,202,207,212,217,222,227,232,237,242,247,252,257,262,267,272,277,282,287,292,297,302,307,312,317,322,327,332,337,342,347,352,357,362,367,372,377,382,387,392,397,402,407,412,417,422,427,432,437,442,447,452,457,462,467,472,477,482,487,492,497,502,507;2:511,512,517,522,527,532,537,542,547;3:551,552,557,562,567,572,577,582,587,592,597,602;4:606,607,612,617,622,627,632,637,642;5:646,647,652,657,662,667,672,677,682,687,692;6:697,698,703,708,713,718,723,728,733,738,743;7:748,749,754,759,764,769,774,779,784;8:785,786,791,796,801,806,811,816,821,826,831,836,841,846,851,856,861;9:862;
0129112342;1:1,2,7,12,17,22,27,32,37,42,47,52,57,62,67,72,77,82,87,92,97,102,107,112,117,122,127,132,137,142,147,152,157,162;2:166,167,172,177,182,187,192,197,202,207;3:209,210,215,220,225,230,235,240,245;4:247,248,253,258,263,268;5:270,271,276,281,286,291,296,301,306;6:311,312,317,322,327,332,337,342,347,352,357;7:361,362,367,372,377,382;8:383,384,389,394,399,404,409,414,419,424,429,434,439;9:444;
0129112522;1:1,2,7,12,17,22,27,32,37,42,47,52,57,62,67,72,77,82,87,92,97,102,107,112,117,122,127,132,137,142,147,152,157,162,167,172,177,182,187,192,197,202,207,212,217,222,227,232,237,242,247,252,257,262,267,272,277,282,287,292,297,302,307,312,317,322,327,332,337,342,347,352,357,362,367,372,377,382,387,392,397,402,407,412,417,422,427;2:431,432,437,442,447,452,457,462,467,472;3:474,475,480,485,490,495,500,505,510;4:511,512,517,522,527,532,537;5:538,539,544,549,554,559,564;6:568,569,574,579,584,589,594,599,604,609;7:613,614,619,624,629,634,639,644;8:645,646,651,656,661,666,671,676,681,686,691,696;9:701,702,707,712,717,722,727,732,737;10:740,741,746,751,756,761;11:765,766,771,776,781,786,791,796,801;12:804;
0129112630;1:1,2,7,12,17,22,27,32,37,42,47,52,57,62,67,72,77,82,87,92,97,102,107,112,117,122,127,132,137,142,147,152,157,162,167,172,177,182,187,192,197,202,207,212,217,222,227,232,237,242,247,252,257,262,267,272,277,282,287,292,297,302,307,312,317,322;2:325,326,331,336,341,346;3:351,352,357,362,367,372,377,382;4:387,388,393,398,403,408,413;5:416,417,422,427,432,437;6:439,440,445,450,455,460,465,470;7:472,473,476,479,482;8:483,484,489,494,499;9:501,502,507,512,517,522,527;10:528,529,534,539,544,549,554;11:555,556,561,566,571,576,581,586,591,596,601,606;12:609;
1204142055;1:20,21,26,31,36,41,46,51,56,61,66,71,76,81;2:86,87,92,97,102,107;3:109,110,115,120,125,130,135,140,145;4:149,150,155,160,165,170,175,180,185,190,195,200,205,210,215;5:216,217,222,227,232,237,242,247,252,257,262,267,272,277,282;6:283,284,289,294,299,304,309,314;7:319,320,325,330,335,340,345,350;8:351,352,357,362,367;9:369,370,375,380,385,390,395;10:396,397,402,407,412,417,422,427,432,437,442,447,452;11:454,455,460,465,470,475,480,485,490;12:491,492,497,502,507;13:510;
1204142227;1:40,41,46,51,56,61,66,71,76,81,86,91,96;2:98,99,104,109,114,119,124,129;3:133,134,139,144,149,154,159,164,169,174;4:176,177,182,187,192,197,202;5:207,208,213,218,223,228,233,238,243,248,253,258,263,268,273,278,283,288,293,298;6:301,302,307,312,317,322;7:325,326,331,336;8:341,342,347,352,357,362,367,372;9:374,375,380,385,390,395,400,405,410,415,420,425,430,435,440,445,450,455,460,465,470,475,480;10:482,483,488,493,498,503,508,513,518,523,528,533,538,543,548,553,558,563,568,573,578;11:579,580,585,590,595,600,605,610,615,620,625,630,635,640,645,650,655,660,665,670,675;12:680,681,686,691,696,701,706,711,716,721;13:726;
1204142500;1:20,21,26,31,36,41,46,51,56,61;2:65,66,71,76,81,86,91;3:94,95,100,105,110,115,120;4:125,126,129,132;5:134,135,140,145,150,155,160,165,170,175,180;6:181,182,187,192,197,202;7:205,206,211,216,221,226,231,236,241,246,251;8:256,257,262,267,272,277,282;9:284,285,290,295,300,305,310,315,320,325,330,335,340,345,350,355,360;10:363,364,369,374,379,384,389,394,399,404,409,414,419,424;11:427,428,433,438,443,448,453;12:456,457,462,467,472,477,482,487,492,497;13:501;
1204142616;1:20,21,26,31,36,41,46,51,56,61;2:66,67,72,77,82,87;3:90,91,96,101,106,111,116,121;4:124,125,130,135,140,145,150,155,160;5:161,162,167,172,177,182,187,192,197,202,207,212,217,222,227,232;6:236,237,242,247,252,257,262;7:266,267,272,277,282,287,292;8:307,308,311,314;9:316,317,322,327,332,337,342,347,352,357,362,367,372,377,382,387,392;10:397,398,403,408,413,418,423,428,433,438,443,448,453,458,463,468;11:471,472,477,482,487,492,497,502,507,512,517,522,527;12:530,531,536,541,546,551,556;13:561;
1204142858;1:60,61,66,71,76,81,86,91,96;2:101,102,107,112,117,122,127,132,137,142,147,152,157,162,167,172,177,182,187,192,197,202,207,212,217,222;3:226,227,230,233,236,239;4:240,241,246,251,256,261,266,271,276,281,286,291,296,301,306;5:307,308,311,314;6:314,315,316,317,318;7:319,320,325,330,335,340,345;8:348,349,354,359,364,369,374,379,384,389,394;9:396,397,400,403,406,409;10:411,412,417,422,427,432,437,442,447;11:451;
1204143959;1:50,51,56,61,66,71,76,81;2:86,87,92,97,102,107,112,117,122,127,132,137,142,147,152,157;3:161,162,165,168,171,174;4:176,177,182,187,192,197,202,207;5:210,211,216,221,226,231;6:233,234,239,244,249,254,259,264,269,274,279;7:283,284,289,294,299,304,309,314;8:315,316,321,326,331,336,341,346,351,356,361,366,371,376;9:380,381,386,391,396;10:401,402,407,412,417,422,427,432,437,442,447,452,457,462;11:463;
1204144120;1:40,41,46,51,56,61,66,71,76;2:81,82,87,92,97,102,107,112,117,122,127,132,137,142;3:143,144,149,154,159;4:161,162,167,172,177,182,187,192,197,202;5:206,207,212,217,222,227,232,237,242;6:246,247,252,257,262,267,272,277,282,287,292;7:293,294,295;8:296,297,302,307,312,317,322,327,332,337,342,347;9:351,352,357,362,367,372,377;10:379,380,385,390,395,400,405,410;11:412;
1204150645;1:1,2,7,12,17,22,27,32,37,42,47;2:50,51,56,61,66,71,76,81,86;3:91,92,97,102,107,112,117,122,127,132,137,142,147,152,157,162,167,172,177,182,187,192,197,202,207,212,217,222,227,232,237;4:240,241,246,251,256,261,266,271,276,281,286;5:291,292,297,302,307,312,317,322,327,332,337,342,347,352,357,362,367,372,377,382,387,392,397,402,407,412,417;6:421,422,427,432,437,442,447,452,457,462,467,472,477,482,487;7:491,492,497,502,507,512,517,522,527,532;8:536,537,542,547,552,557,562,567,572,577,582,587,592,597,602,607,612,617;9:620,621,626,631,636,641;10:645;
1204150828;1:1,2,7,12,17,22,27,32,37,42,47,52;2:56,57,62,67,72,77,82,87,92,97,102,107;3:111,112,117,122,127,132,137,142,147,152,157,162,167,172,177,182,187,192,197,202,207,212,217,222,227,232,237,242,247,252,257,262;4:266,267,272,277,282,287,292,297;5:301,302,307,312,317,322,327,332,337,342,347,352,357,362,367,372,377,382,387,392,397,402,407,412,417,422,427,432,437;6:441,442,447,452,457,462,467,472,477,482,487,492,497,502;7:505,506,511,516,521;8:524,525,530,535,540,545,550,555,560,565,570,575,580,585,590,595,600,605,610,615;9:618,619,624,629,634,639,644,649,654,659,664,669,674;10:675;
1204151136;1:1,2,7,12,17,22,27,32,37,42,47;2:50,51,56,61,66,71,76;3:80,81,86,91,96,101,106,111,116,121,126,131,136,141,146,151,156,161,166,171,176,181,186,191,196,201,206,211,216;4:220,221,226,231,236,241,246;5:249,250,255,260,265,270,275,280,285,290,295,300,305,310,315,320,325,330,335,340,345,350,355,360,365,370;6:371,372,377,382,387,392,397,402,407,412,417,422;7:423,424,429,434;8:439,440,445,450,455,460,465,470,475,480,485,490,495,500,505,510,515,520,525,530;9:531,532,537,542,547,552,557,562,567;10:569;
1204144410;1:1,2,7,12,17,22,27,32,37,42,47,52,57;2:62,63,68,73,78,83,88,93,98;3:101,102,107,112,117,122,127,132,137,142;4:145,146,151,156,161,166,171,176,181,186,191,196;5:199,200,205,210,215,220,225,230,235;6:237,238,243,248,253,258,263,268,273,278,283,288,293,298,303,308;7:313,314,319,324,329,334,339,344,349,354,359;8:361,362,367,372,377,382,387,392,397;9:401,402,407,412,417,422,427,432,437,442,447,452,457,462;10:463,464,469,474,479,484,489,494,499,504;11:507,508,513,518,523,528,533,538,543,548;12:549;
1204144736;1:1,2,7,12,17,22,27,32,37,42,47,52,57,62;2:67,68,73,78,83,88,93,98;3:101,102,107,112,117,122,127,132;4:136,137,142,147,152,157,162,167,172,177,182,187;5:188,189,194,199,204,209,214;6:215,216,221,226,231,236,241;7:244,245,250,255,260,265,270,275,280,285;8:289,290,295,300,305,310,315,320,325,330,335;9:338,339,344,349,354,359,364,369,374;10:376;
1204145234;1:1,2,7,12,17,22,27,32,37,42,47,52,57;2:61,62,67,72,77,82,87,92;3:95,96,101,106,111,116,121,126,131,136;4:137,138,143,148,153,158,163,168,173,178,183,188;5:192,193,198,203,208,213,218,223;6:228,229,234,239,244,249,254,259,264,269,274;7:276,277,282,287,292,297,302,307,312,317,322,327,332,337,342;8:343,344,349,354,359,364,369,374,379;9:380,381,386,391,396,401,406,411,416,421,426,431;10:432,433,438,443,448,453,458,463,468,473,478;11:481,482,487,492,497,502,507,512;12:515,516,521,526;13:531,532,537,542,547,552,557,562,567,572;14:577,578,583,588,593,598;15:601;
1204145527;1:1,2,7,12,17,22,27,32,37,42,47;2:50,51,56,61,66,71;3:75,76,81,86,91,96,101,106,111;4:116,117,122,127,132,137,142,147;5:149,150,155,160,165;6:170,171,176,181,186,191,196,201,206;7:207,208,213,218,223,228,233,238,243,248,253;8:257,258,263,268,273,278,283;9:284,285,288,291,294,297;10:299,300,305,310,315,320,325,330,335,340,345;11:349,350,355,360,365,370,375,380,385,390;12:395,396,401,406,411,416,421,426,431,436;13:437,438,443,448,453,458,463,468,473,478,483,488;14:489;
1204145630;1:1,2,7,12,17,22,27,32,37,42,47,52;2:53,54,59,64,69,74,79;3:84,85,90,95,100,105,110,115,120,125,130,135,140,145,150,155,160,165,170;4:174,175,180,185,190,195,200,205,210,215,220;5:221,222,227,232,237,242,247,252,257,262,267,272,277,282,287;6:289,290,295,300,305,310,315,320,325,330,335;7:337,338,343,348,353,358,363,368,373,378;8:381,382,387,392,397,402,407,412,417,422,427;9:428;
1204145902;1:1,2,7,12,17,22,27,32,37,42;2:46,47,52,57,62,67,72,77,82,87,92,97;3:98,99,104,109,114,119,124,129,134,139,144,149;4:150,151,156,161,166,171,176,181,186,191,196,201;5:203,204,209,214,219,224,229,234,239,244;6:247,248,253,258,263,268,273,278,283,288,293,298;7:299,300,305,310,315,320,325,330,335;8:339,340,345,350,355,360,365,370;9:371,372,377,382,387,392,397,402,407,412,417,422,427,432,437;10:442,443,448,453,458,463,468,473,478;11:481,482,487,492,497,502,507,512,517;12:518;
1204173536;1:45,46,51,56,61,66;2:71,72,77,82,87,92,97,102;3:106,107,112,117,122,127,132;4:134,135,140,145,150,155,160,165,170;5:171,172,177,182,187,192,197,202,207,212,217,222,227,232;6:236,237,242,247,252,257,262;7:265,266,271,276,281,286,291,296;8:298,299,304,309,314;9:318,319,324,329,334,339,344,349,354,359,364,369,374,379,384,389,394,399,404,409;10:413,414,419,424,429,434,439,444,449,454,459,464,469,474,479,484,489,494,499,504,509,514,519,524,529,534,539;11:541,542,547,552,557,562,567,572,577,582,587,592;12:595,596,601,606,611,616,621,626,631,636,641,646,651,656;13:661;
1204173846;1:40,41,46,51,56,61,66;2:68,69,74,79,84,89,94,99,104,109,114,119;3:121,122,127,132,137,142,147;4:151,152,157,162,167,172,177,182,187,192,197,202,207,212,217,222;5:225,226,231,236,241,246,251,256,261,266,271,276;6:281,282,287,292,297,302,307,312,317,322,327,332,337,342,347,352,357,362;7:367,368,373,378,383,388,393,398;8:399,400,405,410,415,420,425;9:427,428,433,438,443,448,453,458,463,468,473,478,483,488,493,498,503,508,513,518,523,528,533,538,543,548;10:553,554,559,564,569,574,579,584,589,594,599,604,609,614,619,624;11:626,627,632,637,642,647,652,657,662,667,672,677,682,687,692,697,702,707,712,717;12:718,719,724,729,734,739,744,749,754;13:755;
1204174024;1:40,41,46,51,56,61,66,71;2:72,73,78,83,88,93,98,103,108,113;3:115,116,121,126,131,136,141,146;4:149,150,155,160,165,170,175,180,185,190,195,200,205,210,215,220,225,230,235,240,245,250,255,260,265,270,275,280,285,290,295,300;5:304,305,310,315,320,325,330,335,340,345,350,355,360,365,370,375,380,385,390;6:394,395,400,405,410,415,420,425,430,435,440,445,450;7:453,454,459,464,469,474,479,484,489,494,499,504;8:505,506,511,516,521,526,531,536;9:538,539,544,549,554,559,564,569,574,579,584,589,594,599,604,609,614,619,624,629,634,639,644,649,654,659,664,669;10:670,671,676,681,686,691,696,701,706,711,716,721,726,731,736,741,746,751,756,761,766,771,776,781,786,791,796,801,806,811,816;11:817,818,823,828,833,838,843,848,853,858,863,868,873,878,883,888,893,898,903,908,913,918,923,928,933,938,943,948;12:953,954,959,964,969,974;13:977;
1204174314;1:40,41,46,51,56,61,66;2:71,72,77,82,87,92,97,102,107,112,117;3:121,122,127,132,137,142,147,152;4:155,156,161,166,171,176,181,186,191,196,201,206,211,216,221,226,231,236,241,246,251,256;5:260,261,266,271,276,281,286,291,296,301,306,311,316,321,326,331;6:333,334,339,344,349,354,359,364,369,374;7:378,379,384,389,394,399,404,409,414;8:418,419,424,429,434,439,444;9:446,447,452,457,462,467,472,477,482,487,492,497,502,507,512,517,522,527,532,537,542,547,552,557,562;10:564,565,570,575,580,585,590,595,600,605,610,615,620,625,630,635,640,645,650,655,660;11:662,663,668,673,678,683,688,693,698,703,708,713,718,723,728,733,738,743,748,753,758,763,768,773,778,783;12:784,785,790,795,800,805,810;13:811;
1204174554;1:40,41,46,51,56,61,66;2:70,71,76,81,86,91,96,101,106,111,116,121,126,131,136,141,146;3:247,248,253,258,263,268,273,278,283,288,293,298,303,308,313,318,323,328,333,338,343,348,353;4:358,359,362,365,368;5:371,372,377,382,387,392,397,402,407,412,417,422,427,432,437,442;6:444,445,448,451,454,457;7:458,459,464,469,474,479,484,489,494,499,504;8:505,506,511,516,521,526,531;9:536,537,542,547,552,557,562,567,572,577,582,587,592,597,602;10:606,607,612,617,622,627,632,637,642,647;11:649,650,655,660,665,670,675,680,685,690;12:691,692,697,702,707,712;13:716;
1204174740;1:30,31,36,41,46,51,56;2:61,62,67,72,77,82,87,92,97,102,107,112,117,122,127,132,137;3:138,139,142,145,148,151;4:152,153,158,163,168,173,178,183,188,193,198,203;5:206,207,212,217,222,227;6:229,230,235,240,245,250,255,260,265,270;7:271,272,277,282,287,292;8:295,296,301,306,311,316,321,326,331,336,341,346,351,356,361;9:363,364,369,374,379,384,389,394,399,404,409,414,419;10:422,423,428,433,438,443,448,453,458,463,468;11:473,474,479,484,489,494,499,504,509,514,519;12:523;
1204174844;1:50,51,56,61,66,71,76,81,86;2:91,92,97,102,107,112,117,122,127,132,137,142,147,152,157,162,167;3:171,172,175,178,181;4:184,185,190,195,200,205,210,215,220,225,230,235;5:236,237,242,247,252,257;6:261,262,267,272,277,282,287,292,297,302,307,312,317;7:319,320,325,330,335,340,345,350,355,360,365,370,375;8:380,381,386,391,396,401,406,411,416,421,426,431,436,441,446;9:450,451,456,461,466,471,476,481,486,491,496;10:501,502,507,512,517,522,527,532,537,542,547;11:550;
1204180344;1:1,2,7,12,17,22,27,32,37,42,47,52,57,62,67;2:71,72,77,82,87,92,97,102,107,112;3:116,117,122,127,132,137,142,147,152,157,162;4:164,165,170,175,180,185,190,195,200,205,210;5:213,214,219,224,229,234,239,244,249,254,259,264,269,274,279,284,289,294;6:297,298,303,308,313,318,323,328,333,338,343,348,353,358,363;7:365,366,371,376,381,386,391,396;8:401,402,407,412,417,422,427,432,437,442,447,452,457,462,467,472,477,482,487,492,497;9:501,502,507,512,517,522;10:527;
1204180515;1:1,2,7,12,17,22,27,32,37,42,47;2:51,52,57,62,67,72,77,82,87;3:89,90,95,100,105,110,115,120,125,130,135,140,145,150,155,160,165,170,175,180,185,190;4:195,196,201,206,211,216,221;5:225,226,231,236,241,246,251,256,261,266,271,276,281,286,291,296,301,306;6:307,308,313,318,323,328,333,338,343,348,353;7:355,356,361,366,371,376,381;8:384,385,390,395,400,405,410,415,420,425,430,435,440,445,450,455,460,465,470;9:471,472,477,482,487,492,497,502,507;10:512;
1204180612;1:1,2,7,12,17,22,27,32;2:36,37,42,47,52,57,62,67,72,77,82;3:86,87,92,97,102,107,112,117,122,127,132,137,142,147,152,157,162,167,172;4:176,177,182,187,192,197,202,207,212;5:216,217,222,227,232,237,242,247,252,257,262,267,272,277,282,287,292,297;6:298,299,304,309,314,319,324,329,334,339,344,349,354;7:359,360,365,370,375,380,385;8:387,388,393,398,403,408,413,418,423,428,433,438,443,448,453,458,463,468,473,478;9:479,480,485,490,495,500,505,510;10:515;
1204175103;1:1,2,7,12,17,22,27,32,37,42,47,52;2:54,55,60,65,70,75,80,85;3:87,88,93,98,103,108,113,118,123,128,133,138,143,148,153,158;4:159,160,165,170,175,180,185,190,195,200,205,210,215;5:216,217,222,227,232,237,242,247;6:249,250,255,260,265,270,275,280,285,290,295,300;7:304,305,310,315,320,325,330,335,340,345,350,355;8:359,360,365,370,375,380,385,390;9:393,394,399,404,409,414,419,424,429,434,439,444;10:446,447,452,457,462,467,472,477,482,487,492,497,502,507,512;11:513,514,519,524,529,534;12:535,536,541,546,551,556,561,566,571,576,581;13:584,585,590,595,600,605,610,615,620,625,630,635,640,645;14:649,650,655,660,665,670,675,680,685,690,695;15:696;
1204175316;1:1,2,7,12,17,22,27,32,37,42;2:47,48,53,58,63,68,73;3:76,77,82,87,92,97,102,107,112,117,122;4:127,128,133,138,143,148,153,158;5:159,160,163,166,169;6:170,171,176,181,186,191,196,201,206,211,216,221,226;7:228,229,234,239,244,249,254,259,264;8:265,266,271,276,281,286,291,296,301,306,311,316,321;9:326,327,332,337,342,347,352,357,362,367,372,377,382;10:387,388,393,398,403,408,413;11:418;
1204175451;1:1,2,7,12,17,22,27,32,37,42,47;2:50,51,56,61,66,71,76;3:78,79,84,89,94,99,104,109,114,119,124,129,134,139;4:143,144,149,154,159,164,169,174,179,184,189,194,199,204,209,214,219,224,229,234;5:239,240,245,250,255,260,265;6:266,267,272,277,282,287,292,297,302,307;7:309,310,315,320,325,330,335,340,345,350,355,360,365,370;8:375,376,381,386,391,396,401,406;9:410;
1204175622;1:1,2,7,12,17,22,27,32;2:36,37,42,47,52,57,62,67;3:70,71,76,81,86,91,96,101,106,111,116,121;4:125,126,131,136,141,146,151;5:156,157,162,167,172,177,182,187;6:190,191,196,201,206,211,216,221,226,231,236,241,246,251,256,261,266;7:271,272,277,282,287,292,297,302,307,312,317;8:318,319,324,329,334,339,344,349,354;9:359,360,363,366,369,372;10:374;
1204175712;1:1,2,7,12,17,22,27,32,37;2:38,39,44,49,54,59;3:63,64,69,74,79,84,89,94,99,104,109,114,119,124,129,134,139;4:141,142,147,152,157,162,167,172,177,182,187;5:191,192,197,202,207,212,217,222,227;6:231,232,237,242,247,252,257,262,267,272,277;7:281,282,287,292,297,302,307,312;8:317,318,323,328,333,338;9:341,342,347,352,357,362,367,372,377,382,387,392,397,402,407;10:408,409,414,419,424,429,434,439;11:442,443,448,453,458;12:463,464,469,474,479,484,489,494,499,504,509,514;13:515,516,521,526,531,536,541,546,551,556,561;14:567,568,573,578,583;15:585,586,591,596,601,606,611,616;16:617;
1204175902;1:1,2,7,12,17,22,27,32;2:35,36,41,46,51,56,61,66,71,76,81;3:82,83,88,93,98,103,108,113,118,123,128,133;4:137,138,143,148,153,158,163;5:168,169,174,179,184,189,194;6:196,197,202,207,212,217,222,227,232,237;7:239,240,245,250,255,260,265,270;8:274,275,280,285,290,295,300,305;9:306,307,312,317,322,327,332,337,342;10:345,346,351,356,361,366,371,376,381;11:383,384,389,394,399;12:401,402,407,412,417,422;13:424,425,430,435,440;14:444,445,450,455,460,465,470,475;15:478;
1130144242;1:30,31,36,41,46;2:51,52,57,62,67,72,77,82,87,92;3:96,97,102,107,112,117;4:121,122,127,132,137,142,147,152,157,162,167,172,177,182,187,192,197,202,207;5:211,212,217,222,227,232,237,242,247,252,257,262,267,272,277,282,287,292,297;6:298,299,304,309,314,319,324,329,334,339,344,349,354,359,364;7:367,368,373,378,383,388,393;8:395,396,401,406,411,416,421,426;9:430,431,436,441,446,451,456,461,466,471,476,481,486,491,496,501,506,511,516,521,526,531,536,541;10:543,544,549,554,559,564,569,574,579,584,589,594,599,604,609,614,619,624;11:628,629,634,639,644,649,654,659,664,669,674,679,684,689,694,699,704,709,714,719,724,729,734,739,744,749,754,759,764,769,774,779;12:783,784,789,794,799,804,809;13:813;
1130144557;1:20,21,26,31,36,41;2:42,43,48,53,58,63;3:66,67,72,77,82,87;4:90,91,96,101,106,111,116,121,126,131,136,141,146;5:148,149,154,159,164,169,174,179,184,189,194,199,204;6:206,207,212,217,222,227;7:231,232,237,242,247,252;8:255,256,261,266,271;9:275,276,281,286,291,296,301,306,311,316,321,326,331,336,341,346,351,356,361;10:364,365,370,375,380,385,390,395,400,405,410,415,420,425,430,435,440,445,450;11:453,454,459,464,469,474,479,484,489,494,499,504,509,514;12:519,520,525,530,535,540,545,550;13:551;
1130144713;1:20,21,26,31,36,41,46;2:51,52,57,62,67,72,77;3:79,80,85,90,95,100,105,110;4:114,115,120,125,130,135,140,145,150,155,160,165,170,175,180,185;5:187,188,193,198,203,208,213,218,223,228,233,238,243;6:248,249,254,259,264;7:266,267,272,277,282,287,292,297,302;8:305,306,311,316,321,326,331,336;9:341,342,347,352,357,362,367,372;10:374,375,380,385,390,395,400,405,410,415,420,425,430,435,440;11:443,444,449,454,459,464;12:465,466,471,476,481,486,491;13:496;
1130144814;1:30,31,36,41,46,51;2:56,57,62,67,72,77,82,87;3:91,92,97,102,107;4:112,113,118,123,128,133,138,143,148,153,158,163,168,173,178,183,188;5:193,194,199,204,209,214,219,224,229,234,239,244,249,254,259;6:260,261,266,271,276;7:277,278,283,288,293;8:294,295,300,305,310;9:312,313,318,323,328,333,338,343,348,353,358,363,368,373,378,383,388,393,398,403;10:404,405,410,415,420,425,430,435,440,445,450,455,460,465,470,475,480,485;11:488,489,494,499,504,509,514,519,524,529,534,539,544,549,554,559,564,569,574,579;12:584,585,590,595,600,605,610;13:611;
1130145737;1:25,26,31,36,41,46,51;2:56,57,62,67,72,77,82,87,92,97,102,107,112,117,122,127,132,137,142,147,152,157,162,167,172,177,182,187,192,197,202,207,212;3:214,215,220,225,230,235;4:238,239,244,249,254,259,264,269,274,279,284,289,294,299,304;5:306,307,310,313;6:316,317,322,327,332,337,342;7:345,346,351,356,361,366,371,376,381;8:385,386,391,396,401,406,411,416,421;9:425,426,431,436;10:441,442,447,452,457,462,467,472;11:476;
1130145835;1:15,16,21,26,31,36,41,46,51,56;2:57,58,63,68,73,78,83,88,93,98,103,108,113,118,123,128,133,138,143,148,153,158,163,168,173,178,183,188,193,198,203,208,213,218,223,228,233,238,243,248,253;3:255,256,261,266,271;4:276,277,282,287,292,297,302,307,312,317,322,327,332,337,342,347;5:351,352,357,362,367,372,377;6:379,380,385,390,395,400,405;7:406,407,412,417,422,427,432,437,442;8:444,445,450,455,460,465,470,475,480,485,490,495,500;9:503,504,509,514,519;10:523,524,529,534,539,544,549,554,559,564,569,574,579,584;11:586;
1130150135;1:25,26,31,36,41,46;2:51,52,57,62,67,72,77,82,87,92,97,102,107,112,117,122,127,132,137,142,147,152,157,162,167,172,177,182,187,192,197,202;3:206,207,212,217,222,227;4:231,232,237,242,247,252,257,262;5:265,266,271,276;6:281,282,287,292,297,302;7:305,306,311,316,321,326;8:328,329,334,339,344,349,354,359,364,369,374;9:378,379,384,389,394,399;10:404,405,410,415,420,425,430,435,440,445,450,455;11:456;
0204140840;1:1,2,7,12,17,22,27,32,37,42;2:46,47,52,57,62,67,72,77,82,87,92,97,102,107;3:110,111,116,121,126,131,136,141,146,151,156,161,166,171;4:172,173,178,183,188,193;5:194,195,200,205,210,215,220,225,230,235,240,245,250,255,260,265,270;6:272,273,278,283,288,293,298,303,308,313,318;7:323,324,329,334,339;8:343,344,349,354,359,364,369,374,379,384,389,394,399;9:403,404,409,414,419,424,429,434,439;10:443;
0204141007;1:1,2,7,12,17,22,27,32,37,42,47,52,57,62,67;2:71,72,77,82,87,92,97,102,107,112,117;3:122,123,128,133,138,143,148,153,158,163,168,173,178,183;4:188,189,194,199,204,209,214;5:219,220,225,230,235,240,245,250,255,260,265,270,275,280;6:283,284,289,294,299,304,309,314;7:318,319,322,325,328,331;8:333,334,339,344,349,354,359,364,369,374;9:378,379,384,389,394,399,404,409,414,419,424,429,434,439,444,449,454,459,464,469,474,479,484,489,494,499,504,509,514,519,524,529,534,539,544,549,554,559,564;10:568;
0204141211;1:1,2,7,12,17,22,27;2:31,32,37,42,47,52,57,62,67,72,77;3:81,82,87,92,97,102,107,112,117,122,127,132,137,142;4:147,148,153,158,163,168;5:173,174,179,184,189,194,199,204,209,214,219,224,229;6:233,234,239,244,249,254,259,264,269,274,279;7:280,281,286,291,296;8:298,299,304,309,314,319,324,329,334,339,344;9:345,346,351,356,361,366,371,376,381,386,391;10:393;
1130150747;1:1,2,7,12,17,22;2:26,27,32,37,42,47;3:51,52,57,62,67,72,77,82,87,92,97,102,107;4:109,110,115,120,125,130,135,140,145,150,155;5:158,159,164,169,174,179;6:184,185,190,195,200,205,210,215,220;7:221,222,227,232,237,242,247,252,257,262,267;8:268,269,274,279,284,289;9:292;
1130151025;1:1,2,7,12,17,22,27,32;2:33,34,39,44,49,54,59,64,69,74,79;3:81,82,87,92,97,102,107,112,117,122;4:125,126,131,136,141,146,151,156,161;5:165,166,171,176,181,186,191,196,201,206;6:207,208,213,218,223,228,233,238,243,248,253,258;7:261,262,267,272,277,282,287,292;8:295,296,301,306;9:311,312,317,322,327,332,337,342;10:345,346,351,356,361,366,371,376,381,386,391,396,401;11:403,404,409,414,419,424,429;12:431,432,437,442,447;13:448;
1130151121;1:1,2,7,12,17,22,27,32,37;2:41,42,47,52,57,62,67;3:70,71,76,81,86,91,96,101,106,111,116,121,126,131;4:136,137,142,147,152,157,162,167,172,177,182,187,192,197;5:201,202,207,212,217,222,227;6:230;
1130151154;1:1,2,7,12,17;2:21,22,27,32,37,42,47,52,57;3:59,60,65,70,75,80,85,90,95,100,105,110,115,120;4:123,124,129,134,139,144,149;5:151,152,157,162,167;6:170;
1130151500;1:1,2,7,12,17,22,27;2:31,32,37,42,47,52,57,62;3:66,67,72,77,82,87,92,97;4:100,101,106,111,116,121;5:124,125,130,135,140;6:142,143,148,153,158,163,168,173,178,183,188,193;7:194,195,200,205,210,215,220,225;8:226,227,232,237,242,247,252,257;9:261,262,267,272,277,282,287,292,297,302,307,312;10:316,317,322,327,332,337;11:338,339,344,349,354,359,364,369,374;12:375;
1130151710;1:1,2,7,12,17;2:21,22,27,32,37,42,47,52,57,62;3:63,64,69,74,79,84,89,94,99,104,109;4:113,114,119,124,129,134,139;5:143,144,147,150,153;6:155,156,161,166,171,176,181,186,191,196,201,206,211,216;7:218,219,224,229,234,239,244;8:247,248,253,258,263,268,273,278;9:281;
0504232829;1:1,2,7,12,17,22;2:23,24,29,34,39,44,49,54,59,64,69,74,79,84,89,94,99,104,109,114,119,124;3:128,129,134,139,144,149,154,159,164,169,174,179,184,189,194,199,204,209,214,219,224,229,234,239,244,249,254,259,264,269;4:270;
0504233253;1:1,2,7,12,17,22,27,32;2:36,37,42,47,52,57,62,67,72,77,82,87,92,97,102,107;3:110,111,116,121,126,131,136,141,146,151,156,161,166,171,176,181,186,191,196,201,206;4:210;
0504233320;1:1,2,7,12,17,22;2:27,28,33,38,43,48,53,58,63,68,73,78,83,88,93,98;3:103,104,109,114,119,124,129,134,139,144,149,154,159,164,169,174,179,184,189,194;4:197,198,203,208,213,218,223,228,233,238;5:239;
0511140410;1:1,2,7,12,17,22;2:26,27,32,37,42,47,52,57,62,67,72,77;3:78,79,84,89,94,99,104,109,114,119,124,129,134,139,144,149;4:154,155,160,165,170,175;5:180,181,186,191,196,201,206,211,216,221,226,231,236,241,246,251,256,261,266,271,276,281,286,291,296,301,306;6:308,309,314,319,324,329,334,339,344,349,354,359,364,369,374,379,384,389,394,399,404,409,414,419,424,429,434,439,444,449,454,459,464,469,474,479,484,489,494,499,504,509,514,519;7:524,525,528;8:531,532,535,538;9:541,542,547,552,557,562,567,572,577,582,587,592,597,602,607,612,617,622,627,632,637,642,647,652,657,662,667,672,677,682,687;10:690;
0511140450;1:1,2,7,12,17,22,27,32,37,42,47,52,57,62,67,72,77;2:82,83,88,93,98,103,108,113,118,123,128,133;3:134,135,140,145,150,155,160,165,170,175,180,185;4:189,190,195,200,205,210;5:212,213,218,223,228,233,238,243,248,253,258,263,268,273,278,283,288,293,298;6:299,300,305,310,315,320,325,330,335,340,345,350,355,360,365,370,375,380,385,390,395,400,405,410,415,420,425,430,435,440,445,450,455,460,465,470,475,480;7:483,484,489,494,499,504,509,514,519,524,529,534,539,544,549,554;8:557,558,561,564;9:566,567,572,577,582;10:584,585,590,595,600,605,610,615,620,625,630,635,640,645,650,655,660,665,670,675,680;11:681;
0511140553;1:1,2,7,12;2:17,18,23,28,33,38,43,48;3:53,54,59,64,69,74,79,84,89,94,99,104,109;4:114,115,120,125,130,135;5:137,138,143,148,153,158,163,168,173,178,183,188,193,198,203,208,213;6:217,218,223,228,233,238,243,248,253,258,263,268,273,278,283,288,293,298,303,308,313,318,323,328,333,338,343,348,353,358,363,368,373,378,383,388,393,398,403,408,413,418,423,428,433,438,443,448,453,458,463,468,473,478,483;7:488,489,494,499,504,509,514,519,524,529,534,539;8:542,543,548,553,558;9:561,562,567,572,577,582,587,592,597,602,607,612,617,622;10:625;
0511141007;1:1,2,7,12,17,22;2:27,28,33,38,43,48,53,58,63,68,73,78,83,88,93;3:98,99,104,109,114,119;4:122,123,128,133,138,143,148,153,158,163,168,173,178,183,188,193,198,203,208,213,218,223,228;5:232,233,238,243,248,253,258,263,268,273,278,283,288,293,298,303,308,313,318;6:323,324,329,334,339,344,349,354,359,364,369,374,379;7:383,384,389,394,399,404,409,414,419,424,429,434,439,444,449,454,459,464,469,474;8:479,480,485,490,495;9:500,501,506,511,516,521,526,531,536,541,546,551,556;10:560,561,564,567,570;11:571,572,577,582,587,592,597,602,607,612,617,622,627,632,637,642;12:647,648,653,658,663,668,673,678,683,688,693,698,703,708,713;13:715,716,721,726,731,736,741,746,751,756,761,766;14:767,768,773,778,783,788,793,798,803,808,813,818,823,828,833,838,843,848,853;15:857,858,863,868,873,878,883,888;16:889,890,895,900,905,910,915,920,925,930,935;17:937;
0511141231;1:1,2,7,12,17,22,27;2:29,30,35,40,45,50,55,60,65,70,75,80,85,90,95,100;3:105,106,111,116,121,126,131,136,141,146,151,156,161,166,171,176,181;4:186,187,192,197,202,207,212,217,222,227,232,237,242,247,252,257,262,267,272,277,282,287;5:289,290,295,300,305,310,315;6:318,319,324,329,334,339,344,349,354,359,364,369,374;7:378,379,384,389,394,399,404,409,414;8:417,418,423,428,433,438,443,448;9:453,454,459,464,469,474,479,484,489,494,499,504,509,514;10:517,518,523,528,533,538,543,548,553,558,563,568,573,578,583,588,593,598,603,608,613,618,623,628,633,638;11:643,644,649,654,659,664,669,674,679,684,689,694,699;12:704,705,710,715,720,725,730,735,740,745,750,755,760,765,770,775,780,785;13:788,789,794,799,804,809,814,819;14:821,822,827,832,837,842,847,852,857,862,867,872;15:875,876,881,886,891,896,901,906;16:910,911,916,921,926,931,936,941,946,951,956,961,966,971,976,981,986,991,996;17:998,999,1004,1009,1014,1019,1024,1029;18:1030,1031,1036,1041,1046,1051,1056,1061,1066,1071,1076,1081,1086,1091,1096,1101,1106;19:1109,1110,1115,1120,1125,1130,1135,1140,1145,1150,1155,1160;20:1162,1163,1168,1173,1178,1183,1188,1193,1198,1203,1208,1213,1218,1223,1228;21:1229,1230,1235,1240,1245,1250,1255,1260,1265;22:1269,1270,1275,1280,1285,1290,1295;23:1300;
0511141338;1:1,2,7,12,17;2:20,21,26,31,36,41,46,51,56,61,66,71,76,81,86,91,96,101;3:103,104,109,114,119,124,129,134,139,144,149,154,159,164,169,174,179,184,189,194,199;4:204,205,210,215,220,225,230,235,240,245,250;5:252,253,258,263,268,273,278,283,288,293,298,303,308,313,318,323,328,333;6:334,335,340,345,350,355,360,365,370,375,380;7:381,382,387,392,397,402,407,412,417,422,427,432,437;8:442,443,448,453,458,463,468;9:472,473,478,483,488,493,498,503,508,513,518,523,528,533,538,543,548,553,558;10:561,562,567,572,577,582;11:587,588,593,598,603,608,613,618,623,628,633,638,643,648;12:651,652,657,662,667;13:670,671,676,681,686,691,696,701,706,711,716,721,726,731,736,741;14:745,746,751,756,761,766,771,776,781,786,791,796,801,806,811;15:812,813,818,823,828,833,838,843,848,853,858,863,868,873,878,883,888,893;16:894,895,900,905,910,915,920,925;17:927,928,933,938,943,948,953,958,963,968,973,978,983;18:987,988,993,998,1003,1008,1013,1018,1023,1028;19:1029;
0504235245;1:1,2,7,12,17,22,27;2:31,32,37,42,47,52,57,62,67,72,77,82,87,92,97,102,107;3:111,112,117,122,127,132,137,142,147,152,157,162,167,172,177,182,187,192,197,202,207,212,217,222,227,232,237,242,247,252,257,262,267,272;4:276,277,282,287,292,297,302,307,312;5:316;
0504235647;1:1,2,7,12,17,22,27;2:28,29,34,39,44,49,54,59,64,69,74,79,84,89,94,99,104,109,114,119,124,129,134,139,144,149,154,159,164,169,174,179;3:180,181,186,191,196,201,206,211,216,221,226,231,236;4:241;
0504235908;1:1,2,7,12,17,22,27,32,37,42;2:43,44,49,54,59,64,69,74,79,84,89,94,99;3:104,105,110,115,120,125,130,135,140,145,150,155,160,165,170,175,180,185,190,195,200,205,210,215,220;4:225,226,231,236,241,246,251,256,261,266;5:269;
0505002750;1:1,2,7,12,17,22,27;2:32,33,38,43,48,53,58,63,68,73;3:77,78,83,88,93,98,103,108,113,118,123,128,133,138,143,148,153,158,163,168,173,178,183,188,193,198,203;4:207,208,213,218,223,228,233,238,243,248;5:253,254,259,264,269,274,279,284,289,294,299,304,309,314,319,324,329,334,339,344,349,354,359,364;6:369,370,375,380,385,390,395,400;7:401,402,407,412,417,422,427,432,437,442,447;8:451,452,457,462,467,472,477,482,487,492,497,502,507,512,517,522,527,532,537,542,547,552,557;9:561;
0505002942;1:1,2,7,12,17,22;2:24,25,30,35,40,45,50,55,60,65;3:69,70,75,80,85,90,95,100,105,110,115,120,125,130,135,140,145,150,155,160,165,170,175;4:176,177,182,187,192,197,202,207,212;5:216,217,222,227,232,237,242,247,252,257,262,267,272,277,282,287,292,297,302,307,312,317;6:320,321,326,331,336,341,346;7:349,350,355,360,365,370,375,380,385;8:389,390,395,400,405,410,415,420,425,430,435,440,445,450,455,460,465,470,475,480,485,490;9:494;
0505003237;1:1,2,7,12,17,22;2:23,24,29,34,39,44,49,54,59,64,69,74,79;3:84,85,90,95,100,105,110,115,120,125,130,135,140,145,150,155,160,165,170,175,180,185,190,195,200,205,210,215,220;4:222,223,228,233,238,243,248,253,258,263,268,273,278,283,288,293,298,303,308;5:311,312,317,322,327,332,337,342,347,352,357,362,367,372,377,382,387,392,397,402,407,412,417,422,427,432,437,442,447,452,457;6:460,461,466,471,476,481,486,491,496,501;7:505,506,511,516,521,526,531;8:534,535,540,545,550,555,560,565,570,575,580,585,590,595,600,605,610,615,620,625,630,635;9:637;
0505003751;1:1,2,7,12,17,22,27,32;2:37,38,43,48,53,58,63,68,73,78,83;3:86,87,92,97,102,107,112,117,122,127,132,137,142,147,152,157,162,167,172,177,182,187;4:191,192,197,202,207,212,217,222,227,232,237;5:242,243,248,253,258,263,268,273,278,283,288,293,298,303,308,313,318,323,328,333,338,343,348,353,358,363,368;6:372,373,378,383,388,393,398;7:402,403,408,413,418,423,428,433,438,443,448;8:449,450,455,460,465,470,475,480,485,490,495,500,505,510,515,520,525,530;9:535;
0510172725;1:1,2,7,12,17,22;2:24,25,30,35,40,45,50,55,60,65;3:70,71,76,81,86,91,96,101,106,111,116,121,126,131,136,141;4:145,146,151,156,161,166,171,176,181,186;5:189;
0510172745;1:1,2,7,12,17,22,27;2:31,32,37,42,47,52,57,62,67,72,77,82;3:84,85,90,95,100,105,110,115,120,125,130,135,140,145,150,155,160;4:164,165,170,175,180,185,190,195,200,205;5:207;
0510172851;1:1,2,7,12,17,22;2:23,24,29,34,39,44,49,54,59,64,69;3:72,73,78,83,88,93,98,103,108,113,118,123,128,133,138;4:143,144,149,154,159,164;5:166;
0510172333;1:1,2,7,12,17,22;2:23,24,29,34,39,44,49,54;3:57,58,63,68,73,78,83,88,93,98,103,108,113,118,123;4:126,127,130,133,136;5:138,139,142,145,148;6:150,151,156,161,166,171,176,181,186;7:189,190,195,200,205,210,215,220,225,230;8:233,234,239,244,249,254,259,264,269,274,279,284,289,294,299,304,309,314,319,324,329,334,339,344,349,354,359,364,369,374,379,384,389,394,399,404,409,414,419,424,429,434;9:437,438,441,444,447,450;10:451,452,457,462,467;11:472,473,478,483,488,493,498,503,508,513;12:516,517,520,523,526,529;13:536,537,540,543;14:544;
0510172425;1:1,2,7,12,17,22,27,32,37,42,47,52,57,62,67,72,77,82,87,92,97,102,107;2:111,112,117,122,127,132;3:134,135,140,145,150,155,160,165,170,175,180,185;4:186,187,192,197,202,207;5:209,210,215,220,225,230,235,240;6:243,244,249,254,259,264,269,274,279,284,289,294,299,304,309,314,319,324,329,334,339,344,349,354,359,364,369,374,379,384,389,394,399,404,409;7:410,411,416,421,426,431;8:434,435,438,441;9:443,444,447,450,453,456;10:457,458,463,468,473,478,483,488,493,498,503;11:504;
0510172557;1:1,2,5,8,11,14;2:15,16,21,26,31,36,41;3:45,46,51,56,61,66,71,76,81,86,91,96,101,106,111,116,121;4:126,127,132,137,142,147,152;5:155,156,161,166,171,176,181,186,191;6:192,193,198,203,208,213,218,223,228,233,238,243,248,253,258,263,268,273,278,283,288,293,298,303,308,313,318,323,328,333,338,343,348,353,358,363;7:367,368,373,378,383,388;8:392,393,396,399,402,405;9:407,408,413,418,423;10:424,425,430,435,440,445,450,455,460,465,470,475,480;11:485;
0510173506;1:1,2,7,12,17,22,27,32,37;2:41,42,47,52,57,62;3:65,66,71,76,81,86,91,96;4:101,102,107,112,117,122,127;5:129,130,135,140,145,150,155,160,165,170,175,180,185,190,195,200,205,210,215,220,225;6:226,227,232,237,242,247,252,257,262,267;7:272,273,278,283,288;8:289,290,295,300,305;9:309,310,315,320,325,330;10:335,336,341,346;11:351,352,357,362,367,372,377,382,387,392,397,402,407,412,417,422,427,432,437,442,447,452,457,462,467,472,477,482,487,492,497,502,507,512,517;12:522,523,528,533,538,543;13:545,546,551,556,561;14:565,566,571,576,581;15:583,584,589,594,599,604,609,614;16:616;
0510173634;1:1,2,5,8,11,14;2:16,17,22,27,32,37,42;3:45,46,51,56,61,66,71,76;4:79,80,85,90,95,100,105;5:107,108,111,114,117;6:118,119,124,129,134,139,144,149,154;7:155,156,161,166,171,176,181,186;8:191,192,197,202,207,212,217,222,227,232;9:233,234,239,244,249,254,259,264,269,274,279,284,289;10:294;
0510173714;1:1,2,7,12,17,22,27,32,37,42,47,52,57,62,67,72,77;2:81,82,87,92,97,102;3:106,107,112,117,122,127;4:129,130,135,140,145,150,155,160,165,170,175;5:180,181,186,191,196,201;6:205,206,211,216,221;7:225,226,231,236,241;8:245,246,251,256,261,266;9:271,272,277,282,287,292,297,302,307,312;10:313,314,319,324,329,334,339,344,349,354,359,364,369,374,379,384,389,394,399;11:402,403,408,413,418,423,428,433,438,443,448;12:450,451,456,461,466,471;13:474,475,480,485,490,495,500,505,510,515;14:516,517,522,527,532;15:537,538,543,548,553,558;16:560,561,566,571,576,581,586,591,596;17:600,601,604;18:606;
0510173051;1:1,2,7,12,17,22;2:26,27,32,37,42,47,52;3:57,58,63,68,73,78,83,88,93,98,103,108,113,118,123,128,133,138,143,148,153,158,163,168,173;4:177,178,183,188,193,198,203,208,213,218,223,228;5:230;
0510173203;1:1,2,5,8,11;2:13,14,19,24,29,34;3:35,36,41,46,51,56,61,66,71,76,81,86,91,96,101,106,111,116,121,126,131,136,141,146,151,156,161,166,171,176,181;4:182,183,188,193,198,203,208,213,218;5:221;
0510173217;1:1,2,7,12,17,22,27,32;2:33,34,39,44,49,54,59,64,69,74,79;3:81,82,87,92,97,102,107,112,117,122,127,132,137,142,147,152,157,162,167,172,177,182,187,192,197,202,207;4:212,213,218,223,228,233,238,243,248,253;5:255;
0510171810;1:1,2,7,12,17,22,27,32;2:33,34,39,44,49,54,59,64;3:66,67,72,77,82,87,92,97,102,107,112,117,122;4:125,126,131,136,141,146,151,156,161,166;5:169,170,175,180,185,190,195,200,205,210,215,220;6:221,222,227,232,237;7:240,241,244,247,250,253;8:255,256,261,266,271,276,281,286;9:290;
0510172015;1:1,2,7,12,17;2:19,20,25,30,35,40;3:43,44,49,54,59,64,69,74,79,84,89,94,99,104,109,114,119,124;4:125,126,131,136,141,146,151,156,161,166;5:170,171,176,181,186,191,196,201,206,211,216,221,226,231;6:236,237,242,247,252;7:254,255,260,265,270;8:275,276,281,286,291,296,301,306,311,316,321,326,331;9:336;
0510172049;1:1,2,7,12,17,22,27;2:29,30,35,40,45,50,55,60;3:62,63,68,73,78,83,88,93,98,103,108,113,118,123,128,133,138;4:142,143,148,153,158,163,168,173,178,183,188,193,198;5:199,200,205,210,215,220,225,230,235,240;6:244,245,250,255,260,265,270;7:273,274,277,280,283;8:285,286,291,296,301,306,311,316,321,326,331,336,341,346;9:349;
0510141923;1:1,2,7,12,17,22,27,32;2:37,38,43,48,53,58,63,68,73,78,83,88,93;3:97,98,103,108,113,118,123,128,133,138,143,148,153,158,163,168,173,178,183;4:188,189,194,199,204,209,214,219,224,229;5:234;
0510141947;1:1,2,7,12,17,22,27,32,37;2:38,39,44,49,54,59,64,69,74,79,84,89,94,99,104,109,114;3:116,117,122,127,132,137,142,147,152,157,162,167,172,177,182,187,192,197,202,207,212,217;4:222,223,228,233,238,243,248,253,258,263;5:268;
0510142045;1:1,2,7,12,17,22,27;2:32,33,38,43,48,53,58,63,68,73,78,83,88,93,98,103,108;3:112,113,118,123,128,133,138,143,148,153,158,163,168,173,178,183,188;4:189,190,195,200,205,210,215,220,225;5:229;
0510144324;1:1,2,7,12,17,22,27,32,37,42,47;2:48,49,54,59,64,69,74,79;3:81,82,85,88,91,94;4:96,97,102,107,112,117,122,127,132,137;5:139,140,145,150,155,160,165,170,175,180,185,190,195;6:198,199,204,209,214,219,224;7:229,230,235,240,245,250,255,260,265,270;8:272,273,278,283,288,293,298,303,308,313,318,323,328,333,338,343,348,353,358,363,368,373,378;9:383,384,389,394,399,404,409,414;10:417,418,423,428,433,438;11:442,443,448,453,458;12:460,461,466,471,476,481,486,491,496,501,506,511,516,521,526,531,536,541;13:542;
0510144350;1:1,2,7,12,17,22;2:23,24,29,34,39,44,49,54;3:57,58,63,68,73,78,83,88,93,98,103,108,113,118,123,128,133,138;4:139,140,145,150,155;5:156,157,162,167,172,177,182,187,192;6:194,195,200,205,210,215,220,225,230,235,240,245,250,255;7:260,261,266,271,276,281,286,291,296,301,306;8:311,312,317,322,327;9:330,331,334,337,340;10:343,344,349,354,359,364,369,374,379,384,389,394,399,404,409,414,419;11:423;
0510144450;1:1,2,5,8;2:11,12,17,22,27,32,37,42,47,52;3:55,56,61,66,71,76,81,86,91,96,101,106,111,116,121;4:124,125,130,135,140,145,150;5:151,152,157,162,167,172,177,182,187,192,197,202,207,212;6:216,217,222,227,232,237,242,247,252,257,262,267,272,277,282,287;7:288,289,294,299,304,309,314,319,324,329,334,339;8:344,345,350,355,360,365,370;9:371,372,377,382,387;10:392,393,398,403,408,413,418,423,428,433,438,443,448,453,458;11:459;
0510142336;1:1,2,7,12,17,22,27,32;2:33,34,39,44,49,54,59,64,69,74,79,84;3:87,88,93,98,103,108,113,118,123,128;4:132,133,138,143,148,153,158,163,168,173,178;5:182,183,188,193,198,203,208,213,218,223;6:226,227,232,237,242,247,252,257,262,267;7:279,280,285,290,295,300,305,310,315;8:317,318,323,328,333,338,343,348,353;9:356,357,362,367,372;10:373,374,379,384,389,394,399,404,409;11:411,412,417,422,427,432,437,442;12:443,444,449,454,459,464,469,474,479;13:483,484,489,494,499,504,509,514,519,524,529,534,539;14:541,542,547,552,557,562,567,572,577;15:580,581,586,591,596,601,606,611,616,621,626,631;16:633,634,639,644,649,654,659,664,669;17:674,675,680,685,690,695,700,705,710,715,720,725,730,735;18:739,740,745,750,755,760,765,770,775,780;19:784,785,790,795,800,805,810,815,820,825,830,835,840,845,850,855,860,865;20:868,869,874,879,884,889,894,899,904,909;21:913,914,919,924,929,934;22:937;
0510142419;1:1,2,7,12,17,22;2:25,26,31,36,41,46,51,56,61,66,71,76,81,86,91;3:92,93,98,103,108,113,118,123,128,133,138,143;4:145,146,151,156,161,166,171,176,181,186,191;5:192,193,198,203,208,213,218,223,228,233,238,243;6:245,246,251,256,261,266,271,276,281;7:284,285,290,295,300,305,310,315,320,325,330,335;8:338,339,344,349,354,359,364,369,374,379;9:380,381,386,391,396,401,406,411,416;10:419,420,425,430,435,440,445,450,455;11:460,461,466,471,476,481,486,491,496,501,506,511,516,521,526;12:527,528,533,538,543,548;13:553,554,559,564,569,574,579,584,589,594,599;14:601,602,607,612,617,622,627,632,637,642,647,652;15:654,655,660,665,670,675,680,685,690,695;16:700,701,706,711,716,721,726,731,736;17:739,740,745,750,755,760,765,770;18:773,774,779,784,789,794,799,804,809,814,819,824;19:825,826,831,836,841,846,851,856,861,866;20:871,872,877,882,887,892,897,902;21:903,904,909,914,919,924,929,934,939,944,949;22:953,954,959,964,969,974,979,984;23:987,988,993,998,1003,1008,1013,1018;24:1019,1020,1025,1030,1035,1040,1045,1050,1055;25:1057,1058,1063,1068,1073,1078,1083,1088,1093;26:1097;
0510142800;1:1,2,7,12,17,22,27;2:31,32,37,42,47,52,57;3:61,62,67,72,77,82,87,92,97,102,107,112,117;4:119,120,125,130,135,140,145,150,155,160,165,170,175,180,185,190,195,200,205;5:209,210,215,220,225,230,235,240,245,250,255,260,265,270;6:271,272,277,282,287,292,297;7:301,302,307,312,317,322,327,332,337,342,347,352,357,362,367;8:372,373,378,383,388,393,398,403,408,413,418,423,428;9:432,433,438,443,448,453,458,463,468,473,478,483;10:488,489,494,499,504,509,514,519,524,529,534,539;11:542,543,548,553,558,563,568,573,578,583,588,593,598,603,608;12:611,612,617,622,627,632,637,642,647,652,657;13:658,659,664,669,674,679,684,689,694,699,704,709,714;14:716,717,722,727,732,737,742,747;15:751,752,757,762,767,772,777,782,787,792,797,802,807,812;16:813,814,819,824,829,834,839,844,849,854,859,864;17:869,870,875,880,885,890,895,900,905,910,915,920,925,930,935,940,945,950,955,960,965,970,975,980,985,990,995,1000,1005,1010,1015;18:1020;
0510143426;1:1,2,7,12,17,22;2:25,26,31,36,41,46,51,56,61;3:66,67,72,77,82,87,92,97,102,107,112,117,122,127,132,137,142,147,152,157,162,167,172,177,182,187,192,197;4:200,201,206,211,216,221,226,231,236,241;5:243;
0510143446;1:1,2,7,12,17,22,27;2:30,31,36,41,46,51,56,61,66,71;3:73,74,79,84,89,94,99,104,109,114,119,124,129,134,139,144,149,154,159,164,169,174,179,184,189,194;4:197,198,203,208,213,218,223,228,233,238,243;5:245;
0510143618;1:1,2,7,12,17,22,27;2:31,32,37,42,47,52,57,62,67,72,77,82,87;3:89,90,95,100,105,110,115,120,125,130,135,140,145,150,155,160,165,170,175,180,185,190,195,200,205,210,215,220,225;4:230,231,236,241,246,251,256,261,266,271,276,281,286,291;5:295;
0510144057;1:1,2,7,12,17,22,27,32,37,42,47;2:52,53,58,63,68,73,78,83,88,93;3:97,98,103,108,113,118,123,128,133,138,143,148,153,158,163;4:167,168,173,178,183,188,193,198,203,208,213;5:215,216,221,226,231,236,241,246,251,256,261,266,271,276,281,286,291,296;6:297,298,303,308,313,318,323;7:325,326,331,336,341,346;8:347,348,353,358,363,368,373,378,383,388,393,398,403,408,413,418;9:421;
0510144139;1:1,2,7,12,17,22,27,32,37;2:39,40,45,50,55,60,65,70,75,80;3:82,83,88,93,98,103,108,113,118,123,128,133,138,143,148,153;4:155,156,161,166,171,176,181,186,191;5:196,197,202,207,212,217,222,227,232,237,242,247,252,257,262;6:266,267,272,277,282,287;7:289,290,295,300,305;8:307,308,313,318,323,328,333,338,343,348,353,358,363,368,373,378,383,388,393;9:395;
0510144215;1:1,2,7,12,17,22,27;2:32,33,38,43,48,53,58,63,68;3:69,70,75,80,85,90,95,100,105,110,115,120;4:122,123,128,133,138,143,148,153,158;5:163,164,169,174,179,184,189,194,199,204,209,214,219,224;6:229,230,235,240,245,250;7:251,252,257,262,267,272;8:276,277,282,287,292,297,302,307,312,317,322,327,332,337,342,347;9:348;
0510175829;1:1,2,7,12,17;2:19,20,25,30,35,40,45,50,55,60;3:64,65,70,75,80,85,90,95,100,105,110,115,120,125,130;4:134,135,140,145,150,155;5:160;
0510175855;1:1,2,7,12,17;2:19,20,25,30,35,40,45,50,55,60,65;3:66,67,72,77,82,87,92,97,102,107,112,117,122,127,132,137,142,147,152,157,162;4:166;
0510175921;1:1,2,7,12,17,22,27;2:32,33,38,43,48,53,58,63,68,73;3:78,79,84,89,94,99,104,109,114,119,124,129,134,139,144,149;4:150,151,156,161,166,171;5:175;
0510181236;1:1,2,7,12,17,22,27,32,37;2:41,42,47,52,57,62,67,72,77,82;3:86,87,92,97,102,107,112,117,122,127,132,137,142,147,152,157,162,167,172,177,182,187,192,197,202;4:206,207,212,217,222,227,232;5:233,234,239,244,249,254,259,264,269,274;6:279,280,285,290,295,300,305,310,315,320,325,330,335,340,345,350,355,360,365,370,375,380,385,390,395,400,405,410,415,420,425;7:426,427,430,433,436,439;8:440,441,446,451,456;9:458,459,464,469,474;10:478,479,484,489,494,499,504,509,514,519,524,529;11:532;
0510181310;1:1,2,7,12,17,22,27;2:31,32,37,42,47,52,57,62,67,72,77,82,87,92,97,102,107;3:108,109,114,119,124,129,134,139;4:143,144,149,154,159,164,169,174,179,184,189,194,199,204,209,214,219;5:224,225,230,235,240;6:241,242,247,252,257,262,267,272,277,282,287;7:291,292,297,302,307,312,317,322,327,332,337,342,347,352,357,362,367,372,377,382,387,392,397,402,407,412,417,422,427,432,437;8:438,439,444,449,454,459;9:462,463,468,473,478;10:479,480,485,490,495,500;11:505,506,511,516,521,526,531,536,541,546,551,556,561,566,571,576,581;12:583;
0510181415;1:1,2,7,12,17,22,27,32;2:33,34,39,44,49,54,59,64,69,74;3:79,80,85,90,95,100,105,110,115,120,125,130,135,140,145,150,155,160,165;4:166,167,170,173,176;5:179,180,185,190,195,200,205,210,215;6:218,219,224,229,234,239,244,249,254,259,264,269,274,279,284,289,294,299,304,309,314,319,324,329,334,339,344,349,354,359,364,369,374,379,384,389,394,399,404,409,414;7:417,418,423,428,433;8:434,435,438,441,444,447;9:449,450,453,456,459,462;10:464,465,470,475,480,485,490,495,500,505,510,515,520,525,530;11:531;
0510182019;1:1,2,7,12,17,22,27,32,37,42,47,52,57,62,67,72,77,82;2:84,85,90,95,100;3:101,102,107,112,117,122,127,132;4:135,136,141,146,151;5:156,157,162,167,172,177,182,187,192;6:195,196,201,206,211,216,221,226,231,236;7:241,242,247,252,257,262,267,272;8:277,278,283,288,293,298,303,308,313,318,323,328;9:333,334,337,340,343;10:346,347,352,357,362,367;11:371,372,375,378,381,384;12:385,386,391,396,401,406,411,416,421,426,431,436,441;13:445;
0510182057;1:1,2,5,8,11,14;2:15,16,21,26,31,36,41,46,51,56,61,66,71;3:74,75,80,85,90,95,100,105,110,115;4:117,118,123,128,133,138,143,148,153,158,163,168;5:173,174,179,184,189,194,199;6:204,205,210,215,220,225,230;7:234,235,240,245,250,255,260;8:262,263,268,273,278,283,288,293,298;9:299,300,305,310,315,320,325,330,335,340,345,350,355,360,365,370,375;10:380,381,386,391,396,401,406,411,416,421;11:423,424,429,434,439,444,449,454;12:459,460,463,466;13:468,469,474,479,484;14:485,486,491,496,501,506,511,516,521,526;15:530,531,536,541,546,551;16:555,556,561,566,571,576,581,586;17:591,592,597,602,607,612,617,622,627;18:632;
0510182137;1:1,2,7,12,17,22,27;2:28,29,34,39,44,49,54,59;3:61,62,67,72,77,82,87,92,97,102;4:107,108,113,118,123,128,133,138,143,148,153;5:155,156,161,166,171,176,181;6:185,186,191,196,201,206,211;7:213,214,217,220;8:223,224,229,234,239;9:242,243,248,253,258,263,268,273,278,283;10:286,287,292,297,302,307,312,317,322,327,332,337,342,347,352,357,362,367,372;11:375,376,381,386,391,396,401,406,411;12:415,416,421,426,431,436;13:438,439,444,449,454,459,464,469,474;14:475,476,481,486;15:491,492,497,502,507;16:508,509,514,519,524,529;17:534;
0510175411;1:1,2,7,12,17,22;2:25,26,31,36,41,46,51,56,61,66,71,76,81,86,91;3:93,94,99,104,109,114,119,124,129,134,139,144,149,154,159,164,169,174,179,184,189,194,199,204,209,214,219,224;4:229,230,235,240,245,250,255,260,265,270,275;5:280;
0510175431;1:1,2,7,12,17,22,27,32,37;2:41,42,47,52,57,62,67,72,77;3:80,81,86,91,96;4:100,101,106,111,116,121,126,131,136,141,146,151,156,161,166,171,176,181,186;5:189,190,195,200,205,210,215,220,225;6:228;
0510175554;1:1,2,7,12,17,22,27;2:30,31,36,41,46,51;3:54,55,60,65,70,75,80,85,90,95,100,105,110,115,120,125,130,135;4:139,140,145,150,155,160,165;5:167;
0510180218;1:1,2,7,12,17,22,27,32,37;2:38,39,44,49,54,59,64,69,74,79,84;3:87,88,93,98,103,108,113,118,123,128,133,138,143,148,153,158;4:159,160,165,170,175,180,185,190,195;5:198,199,204,209,214,219,224,229,234;6:239,240,245,250,255,260,265,270;7:272,273,276,279;8:280,281,286,291,296,301,306,311,316,321,326,331;9:334;
0510180342;1:1,2,7,12,17,22,27;2:30,31,36,41,46,51,56,61,66,71,76,81,86,91,96;3:99,100,105,110,115,120,125,130,135,140,145,150,155,160,165,170,175;4:180,181,186,191,196,201,206,211,216,221,226,231,236;5:238,239,244,249,254,259,264,269,274,279,284,289,294,299,304,309;6:310,311,316,321,326,331,336;7:341,342,347,352,357,362;8:367,368,373,378,383,388,393,398,403,408,413,418,423,428,433,438;9:442;
0510180532;1:1,2,7,12,17,22,27;2:31,32,37,42,47,52,57,62,67,72,77;3:81,82,87,92,97,102,107,112,117,122,127,132,137,142,147,152,157,162,167,172;4:177,178,183,188,193,198,203,208;5:213,214,219,224,229,234,239,244,249,254,259,264,269,274;6:275,276,281,286,291,296,301;7:306,307,310,313;8:316,317,322,327,332,337,342,347,352,357,362,367,372;9:377;
0510181539;1:1,2,7,12,17,22,27;2:29,30,35,40,45,50,55,60,65,70,75;3:80,81,86,91,96,101,106,111,116,121,126,131,136,141,146,151,156,161,166,171,176;4:180,181,186,191,196,201,206,211,216,221,226,231,236;5:238,239,244,249,254,259,264,269,274,279,284,289,294;6:296,297,302,307,312,317,322,327;7:330,331,336,341,346,351,356;8:358,359,364,369,374,379,384,389,394,399,404,409,414;9:416;
