1204151136;1:1,2,7,12,17,22,27,32,37,42,47;2:51,52,57,62,67,72,77,82,87;3:91,92,97,102,107,112,117,122,127,132,137,142,147,152,157,162,167,172,177,182,187,192,197,202,207,212,217,222,227,232,237,242,247;4:251,252,257,262,267,272,277,282,287,292,297,302,307,312,317,322;5:327,328,333,338,343,348,353,358,363,368,373,378,383,388,393,398,403,408,413,418,423,428,433,438,443,448,453,458,463,468,473,478,483,488,493;6:496,497,502,507,512,517,522,527,532,537,542,547;7:551;
0510175411;1:1,2,7,12,17,22,27;2:29,30,35,40,45,50,55,60,65;3:66,67,72,77,82,87;4:91,92,97,102,107,112,117,122,127,132,137,142,147,152,157,162,167,172,177,182,187,192,197,202,207,212,217,222;5:226,227,232,237,242,247,252,257,262;6:263,264,269,274;7:279;
1204144410;1:1,2,7,12,17,22,27,32,37,42,47,52,57,62,67;2:71,72,77,82,87;3:91,92,97,102,107,112,117,122,127,132,137,142;4:143,144,149,154,159,164;5:166,167,172,177,182,187;6:191,192,197,202,207;7:208,209,212,215,218,221;8:223,224,229,234,239,244,249,254;9:256,257,262,267,272,277,282,287,292,297,302,307;10:311,312,317,322,327;11:331,332,335,338,341,344;12:346,347,350,353,356,359;13:361,362,365,368,371,374;14:376,377,380,383,386,389;15:391,392,395,398,401,404;16:406,407,412,417,422,427,432,437,442,447;17:451,452,455,458,461,464;18:466,467,472,477,482,487,492,497,502,507;19:511,512,515,518,521,524;20:526,527,532,537,542,547;21:548;
1204145630;1:1,2,7,12,17,22,27,32,37,42;2:46,47,52,57,62;3:67,68,73,78,83,88,93,98,103,108,113,118,123,128,133,138,143,148,153,158,163;4:166,167,170,173,176,179;5:180,181,186,191;6:196,197,200,203,206,209;7:211,212,217,222,227,232,237,242,247,252;8:256,257,262,267,272,277,282,287,292,297,302,307,312,317,322,327;9:328,329,334,339,344;10:346,347,352,357,362,367;11:371,372,375,378,381;12:383,384,389,394,399,404,409,414,419,424;13:427;
0510175921;1:1,2,7,12,17,22,27;2:28,29,34,39,44,49,54,59,64,69;3:70,71,76,81,86,91,96,101,106,111,116,121,126,131,136;4:137;
1204142500;1:20,21,26,31,36,41,46,51,56;2:59,60,65,70,75,80,85,90,95,100,105,110,115,120,125,130;3:131,132,137,142,147,152,157,162,167,172,177,182,187,192,197,202,207;4:211,212,215,218,221,224;5:226,227,232,237,242,247;6:251,252,257,262,267,272,277,282,287;7:291,292,297,302,307,312,317,322,327,332,337,342,347,352,357,362,367,372;8:376,377,382,387,392,397,402,407,412,417,422,427;9:428,429,434,439,444,449,454,459,464,469,474,479,484,489;10:491;
0510175829;1:1,2,7,12,17,22,27,32,37,42,47,52,57,62,67,72;2:76,77,82,87,92,97,102,107,112,117,122,127,132,137,142,147;3:150;
0510181236;1:1,2,7,12,17,22,27,32,37,42,47;2:51,52,57,62,67,72,77,82,87;3:91,92,97,102,107,112,117,122,127,132,137,142,147,152,157,162;4:166,167,172,177,182,187;5:191,192,195,198,201,204;6:205,206,211,216,221;7:226,227,232,237,242,247,252,257,262,267,272,277,282;8:286,287,292,297,302,307,312,317,322,327,332,337,342,347,352,357;9:361,362,367,372,377,382,387,392,397,402,407,412,417,422,427;10:431,432,437,442,447,452,457,462;11:466,467,472,477,482,487,492,497,502,507,512,517,522;12:526;
0510175431;1:1,2,7,12,17,22,27;2:30,31,36,41,46,51,56,61,66,71,76,81;3:84,85,90,95,100,105,110;4:111,112,117,122,127,132,137,142,147,152,157,162,167,172,177,182;5:183,184,189,194,199;6:200,201,206,211,216,221;7:226;
0510181310;1:1,2,7,12,17,22,27;2:31,32,35,38,41;3:44,45,50,55,60,65,70;4:71,72,77,82,87,92,97,102;5:106,107,112,117,122;6:126,127,132,137,142,147,152,157,162,167,172,177,182,187,192,197,202,207;7:211,212,215,218,221,224;8:226,227,232,237,242,247;9:251,252,257,262,267,272,277,282;10:286,287,292,297,302,307,312,317,322,327,332,337,342,347,352,357,362,367,372,377,382,387,392,397,402,407,412,417,422,427;11:431,432,437,442,447,452,457,462,467,472,477,482,487;12:491,492,497,502,507,512,517,522,527;13:531,532,537,542,547,552,557,562,567,572,577;14:582;
0510175554;1:1,2,7,12,17,22,27;2:29,30,35,40,45,50,55,60,65,70;3:71,72,77,82,87,92,97,102;4:106,107,112,117,122;5:125,126,131,136,141,146,151,156,161;6:166;
1204142227;1:40,41,46,51,56,61,66,71,76,81,86;2:88,89,94,99,104,109,114,119,124,129;3:133,134,139,144,149,154,159,164,169,174;4:177,178,183,188,193,198,203,208,213,218,223,228,233,238,243,248,253,258,263,268,273,278,283,288,293,298,303,308,313;5:317,318,321,324,327,330;6:331,332,335,338,341,344;7:346,347,352,357,362,367,372;8:376,377,382,387,392,397,402,407,412,417,422,427,432,437,442,447,452,457,462;9:466,467,472,477,482,487;10:491,492,497,502,507,512,517,522,527;11:531,532,537,542,547,552,557,562,567;12:571,572,577,582,587,592,597,602,607,612,617,622,627,632,637,642,647,652,657,662,667,672,677,682,687,692,697,702;13:706,707,712,717;14:722;
1204150645;1:1,2,7,12,17,22,27,32,37,42,47,52,57,62,67;2:71,72,77,82,87,92,97,102,107,112,117,122,127,132,137,142,147,152,157,162,167,172,177,182;3:184,185,190,195,200,205,210,215,220,225,230,235,240,245;4:249,250,253,256,259;5:261,262,267,272,277,282;6:286,287,292,297,302,307;7:311,312,317,322,327,332,337,342,347,352,357,362,367;8:371,372,377,382,387;9:391,392,395,398,401,404;10:406,407,412,417;11:422,423,428,433,438,443,448;12:451,452,457,462,467,472,477,482,487;13:491,492,497,502,507,512,517,522;14:525,526,531,536,541,546,551,556,561,566,571,576,581,586,591,596,601,606,611,616,621;15:625,626,629,632,635;16:638;
0510180342;1:1,2,7,12,17,22,27;2:31,32,35,38,41,44;3:46,47,52,57,62,67,72,77,82,87,92,97,102;4:104,105,110,115,120,125,130,135,140,145,150;5:151,152,155,158,161,164;6:166,167,172,177,182,187;7:191,192,195,198,201,204;8:206,207,212,217,222,227,232,237,242,247;9:251,252,257,262,267,272,277,282,287,292,297,302;10:307,308,313,318,323,328;11:331,332,335,338,341,344;12:346,347,352,357,362,367;13:371,372,377,382,387,392,397,402,407,412,417,422,427,432;14:436;
1204145902;1:1,2,7,12,17,22,27,32,37,42,47;2:50,51,56,61,66,71,76,81,86;3:91,92,97,102,107,112,117,122,127,132,137,142;4:147,148,153,158,163,168,173,178,183,188,193;5:196,197,202,207,212,217,222,227,232,237,242,247;6:250,251,256,261,266,271,276,281,286;7:291,292,297,302,307,312,317,322,327,332,337,342;8:346,347,352,357,362,367;9:371,372,377,382,387;10:389,390,395,400,405,410,415,420,425,430;11:435,436,441,446;12:451,452,457,462,467,472,477,482,487;13:489,490,495,500,505,510,515;14:517;
0510175855;1:1,2,7,12,17,22,27,32,37,42,47,52,57,62,67;2:71,72,77,82,87,92,97,102,107,112,117,122,127,132,137,142,147,152,157,162;3:164;
1204144736;1:1,2,7,12,17,22,27,32,37,42,47;2:51,52,57,62,67,72,77,82;3:87,88,93,98,103,108,113,118,123,128,133,138,143,148;4:149,150,155,160,165,170,175,180,185,190;5:191,192,197,202,207;6:211,212,215,218,221,224;7:226,227,232,237,242,247,252,257,262,267,272,277,282,287,292,297,302,307;8:311,312,317,322,327;9:331,332,335,338,341,344;10:345;
1204145234;1:1,2,7,12,17,22,27;2:30,31,34,37,40,43;3:45,46,51,56,61,66;4:71,72,77,82,87;5:91,92,95,98,101,104;6:106,107,112,117,122,127;7:131,132,137,142,147;8:151,152,157,162,167;9:171,172,177,182,187,192,197,202;10:205,206,211,216,221,226,231,236;11:237,238,243,248,253,258,263,268;12:269,270,275,280,285;13:286,287,292,297,302,307,312,317,322,327;14:331,332,335,338,341,344;15:346,347,352,357,362,367;16:371,372,377,382,387;17:391,392,395,398,401,404;18:406,407,412,417,422,427;19:431,432,437,442,447,452,457,462,467,472,477,482,487,492,497,502,507;20:511,512,515,518,521;21:523,524,529,534,539,544,549,554,559,564,569;22:570;
0510181415;1:1,2,7,12,17,22,27;2:31,32,37,42,47,52,57,62;3:65,66,71,76,81,86,91,96,101,106;4:111,112,117,122,127,132,137,142,147;5:150,151,156,161,166,171,176,181,186,191,196,201;6:202,203,208,213,218,223,228,233,238,243,248;7:251,252,257,262,267,272,277,282,287,292,297;8:302,303,308,313,318,323,328,333,338,343,348,353,358,363,368;9:371,372,377,382,387,392,397,402,407,412,417;10:422,423,428,433,438,443,448;11:451,452,455,458,461,464;12:466,467,472,477,482,487,492,497,502,507,512,517,522,527;13:530;
1204150828;1:1,2,7,12,17,22,27,32,37,42,47,52,57,62;2:66,67,72,77;3:82,83,88,93,98,103,108,113,118,123,128,133,138,143,148,153,158,163;4:166,167,172,177,182,187;5:191,192,197,202,207;6:211,212,217,222,227;7:231,232,237,242,247,252,257,262,267;8:271,272,275,278,281,284;9:285,286,291,296,301,306,311,316,321,326,331,336,341,346,351,356,361,366,371,376,381,386,391,396,401,406,411,416,421,426,431,436,441;10:442,443,448,453,458,463,468,473,478,483,488;11:491,492,497,502,507,512,517,522,527,532,537,542,547,552,557,562,567,572,577,582,587,592,597,602;12:606,607,612,617,622,627;13:631,632,637,642,647,652,657,662,667;14:670;
0510180532;1:1,2,7,12,17,22,27,32,37,42,47,52;2:57,58,61,64,67,70;3:71,72,77,82,87;4:91,92,97,102,107;5:111,112,117,122,127,132,137,142;6:145,146,151,156,161,166,171,176,181,186,191,196,201,206;7:211,212,215,218,221,224;8:226,227,232,237,242,247,252,257,262,267;9:271,272,275,278,281,284;10:286,287,292,297,302,307;11:311,312,317,322,327,332,337,342,347,352,357,362,367;12:371;
1204145527;1:1,2,7,12,17,22,27,32,37,42,47,52,57,62,67,72,77,82,87;2:89,90,93,96,99;3:102,103,108,113,118,123,128;4:131,132,137,142,147,152,157,162,167;5:171,172,177,182,187;6:191,192,197,202,207;7:209,210,215,220,225,230,235;8:238,239,242,245,248;9:251,252,257,262,267;10:271,272,275,278,281,284;11:286,287,292,297,302,307,312,317,322,327;12:331,332,335,338,341;13:343,344,349,354,359,364,369,374;14:376,377,380,383,386,389;15:391,392,395,398,401;16:403,404,407,410,413;17:415,416,421,426,431,436,441,446;18:449,450,455,460,465,470,475;19:478;
1204142055;1:21,22,27,32,37,42,47,52,57,62,67,72,77;2:82,83,86,89,92,95;3:96,97,100,103,106,109;4:111,112,117,122,127,132,137,142;5:147,148,153,158,163,168,173,178,183,188,193,198,203,208,213,218,223;6:226,227,232,237,242;7:244,245,250,255,260,265,270,275,280,285,290,295,300,305,310;8:311,312,315,318,321;9:323,324,329,334,339,344,349,354,359,364;10:367,368,373,378,383;11:387,388,393,398,403,408,413,418,423,428,433,438,443,448,453,458,463,468,473,478,483,488,493,498,503,508;12:509;
1204143959;1:51,52,57,62,67;2:71,72,77,82,87,92,97,102,107,112,117;3:122,123,126,129,132,135;4:136,137,142,147,152,157,162;5:166,167,172,177,182,187,192,197,202,207;6:211,212,215,218,221,224;7:226,227,232,237,242,247,252,257,262;8:264,265,270,275,280,285,290,295,300,305,310,315,320,325,330;9:331,332,337,342,347,352,357,362,367;10:371,372,377,382,387,392,397;11:399,400,403,406,409;12:411,412,417,422,427,432,437,442,447,452,457;13:462;
0510182057;1:1,2,7,12,17,22,27;2:31,32,37,42,47,52,57,62,67;3:71,72,77,82,87,92,97,102;4:106,107,112,117,122,127,132,137,142,147,152,157,162;5:166,167,172,177,182,187,192,197,202,207;6:211,212,217,222,227,232,237,242,247,252,257,262,267,272,277,282;7:286,287,292,297,302;8:303,304,309,314,319,324,329;9:331,332,337,342,347;10:351,352,357,362,367;11:370,371,376,381,386;12:391,392,395,398,401;13:403,404,409,414,419,424,429,434,439,444,449,454,459,464;14:466,467,472,477,482,487;15:491,492,497,502,507,512,517,522,527,532,537,542,547,552,557,562,567,572,577,582,587;16:591,592,597,602,607;17:611,612,617,622,627;18:630;
0510182137;1:1,2,7,12,17,22,27;2:31,32,37,42,47,52,57,62,67;3:69,70,75,80,85,90,95,100,105;4:106,107,112,117,122,127,132,137,142,147,152,157,162;5:166,167,172,177,182,187,192;6:194,195,200,205,210;7:211,212,217,222,227,232,237,242,247,252;8:256,257,260,263,266,269;9:271,272,275,278,281;10:284,285,290,295,300,305,310,315,320,325,330,335,340,345,350,355,360,365,370,375,380,385,390,395,400,405;11:406,407,412,417,422,427;12:431,432,437,442,447,452,457,462,467,472,477,482,487;13:491,492,497,502,507;14:511,512,515,518,521,524;15:526;
0510182019;1:1,2,7,12,17,22,27;2:31,32,37,42,47,52,57,62,67,72,77,82,87;3:91,92,95,98,101,104;4:106,107,112,117,122;5:127,128,133,138,143,148,153,158,163,168,173,178,183,188;6:191,192,197,202,207,212,217,222,227;7:231,232,237,242,247,252,257,262,267,272,277,282;8:286,287,292,297,302,307,312,317,322,327,332,337,342,347,352,357,362,367,372,377,382,387,392,397,402,407,412,417,422,427;9:431,432,435,438,441;10:444;
1204142858;1:60,61,64,67,70;2:72,73,78,83,88,93,98,103;3:106,107,112,117,122,127,132,137,142,147,152,157,162,167;4:171,172,177,182,187,192,197,202,207;5:211,212,215,218,221,224;6:225,226,231,236,241,246,251;7:256,257,262,267,272,277,282;8:286,287,292,297,302,307,312,317;9:321,322,327,332,337,342,347,352,357,362,367;10:371,372,377,382,387,392,397,402;11:406,407,412,417,422,427,432,437,442,447;12:450;
0510180218;1:1,2,7,12,17,22,27,32,37,42,47;2:51,52,57,62,67,72;3:76,77,80,83,86,89;4:91,92,95,98,101,104;5:106,107,112,117,122;6:127,128,133,138,143,148,153,158,163,168;7:171,172,177,182,187,192;8:196,197,202,207,212,217,222,227,232,237,242;9:244,245,250,255,260,265,270;10:271,272,275,278,281,284;11:286,287,292,297,302,307,312,317,322,327,332;12:333;
1204144120;1:40,41,46,51,56,61,66,71,76,81,86;2:91,92,97,102,107;3:111,112,117,122,127;4:131,132,135,138,141;5:144,145,150,155,160,165;6:166,167,172,177,182,187;7:191,192,197,202;8:207,208,213,218,223,228,233,238,243,248,253;9:256,257,262,267,272,277,282,287;10:291,292,295,298,301,304;11:306,307,312,317,322,327,332,337,342;12:346,347,352,357,362,367,372;13:376,377,380,383,386;14:388,389,394,399,404,409;15:410;
1204142616;1:20,21,26,31,36,41,46,51,56,61,66,71;2:76,77,80,83,86,89;3:91,92,97,102,107,112,117;4:120,121,126,131,136,141,146,151,156,161,166,171,176,181,186,191,196,201,206,211,216,221,226,231,236,241,246,251,256,261,266;5:268,269,274,279,284,289,294,299,304,309,314;6:316,317,322,327,332,337,342,347,352,357,362,367,372,377,382,387,392,397,402,407;7:411,412,417,422,427;8:431,432,437,442,447,452,457,462;9:465,466,471,476,481,486,491,496,501,506,511,516,521;10:526,527,532,537,542,547;11:551;
1204174554;1:40,41,46,51,56;2:60,61,66,71,76,81;3:82,83,88,93,98,103,108;4:109,110,115,120,125,130;5:131,132,137,142,147,152,157,162,167,172,177,182,187,192,197,202,207,212,217,222,227,232,237,242,247;6:251,252,257,262,267,272,277,282,287,292,297,302,307,312,317,322,327;7:328,329,334,339,344;8:346,347,352,357,362,367,372,377,382,387,392,397,402,407,412,417,422,427;9:428,429,434,439,444,449,454;10:455,456,461,466,471,476,481,486,491,496,501,506;11:511,512,515,518,521,524;12:525,526,531,536,541,546;13:551,552,557,562,567,572,577,582,587,592,597,602,607;14:611,612,617,622,627;15:629,630,635,640,645,650,655,660,665,670,675,680,685,690;16:691,692,695,698,701;17:704;
1204175712;1:1,2,7,12,17,22,27,32,37,42,47;2:51,52,57,62,67,72,77,82,87;3:91,92,97,102,107,112,117,122,127,132;4:136,137,142,147,152,157,162,167;5:171,172,177,182,187;6:191,192,195,198,201,204;7:206,207,212,217,222;8:226,227,232,237,242,247,252,257,262,267;9:271,272,275,278,281;10:283,284,289,294,299,304,309;11:311,312,317,322,327;12:330,331,336,341;13:346,347,352,357,362,367,372,377,382,387,392,397;14:402,403,408,413,418,423,428,433,438,443,448;15:451,452,455,458,461,464;16:466,467,472,477,482,487,492,497,502,507;17:511,512,515,518,521,524;18:525,526,531,536,541,546,551,556,561,566;19:571,572,577,582,587,592;20:595;
1204180515;1:1,2,7,12,17,22,27,32,37,42;2:46,47,52,57,62,67,72,77,82,87;3:89,90,95,100,105,110,115,120,125,130,135,140,145,150,155,160,165,170,175,180,185,190,195,200,205;4:208,209,214,219,224;5:226,227,232,237,242,247,252,257,262,267,272,277,282,287,292,297,302;6:307,308,313,318,323,328;7:331,332,335,338,341,344;8:346,347,352,357,362,367,372,377,382,387,392,397;9:398,399,402,405,408;10:411,412,417,422,427,432,437,442,447;11:451,452,457,462,467,472,477,482,487,492,497,502,507;12:511;
0510142336;1:1,2,7,12,17,22,27,32,37,42;2:45,46,51,56,61,66,71,76,81,86,91,96,101,106,111,116,121,126;3:131,132,137,142,147;4:151,152,157,162,167,172,177,182,187,192;5:196,197,202,207,212,217,222,227,232,237,242,247,252,257,262,267;6:271,272,277,282,287,292,297,302,307,312,317,322,327;7:331,332,337,342,347,352,357,362,367,372,377,382;8:386,387,392,397,402,407,412,417,422,427,432;9:436,437,442,447,452,457,462,467,472,477,482;10:486,487,492,497,502,507,512,517,522,527,532,537,542,547,552,557,562,567,572,577,582;11:583,584,589,594,599,604,609,614,619,624,629,634,639,644;12:646,647,652,657,662,667,672,677,682,687;13:691,692,697,702,707,712,717,722,727,732,737,742,747,752,757,762,767,772,777,782,787,792,797,802,807,812,817,822,827,832,837,842,847,852,857,862,867,872,877,882,887,892,897,902;14:906;
0510142045;1:1,2,7,12,17,22,27,32,37,42;2:44,45,50,55,60,65,70,75,80,85,90,95;3:100,101,106,111,116;4:121,122,127,132,137,142,147,152,157,162,167,172,177,182,187,192,197,202,207,212,217,222;5:227;
1204180344;1:1,2,7,12,17,22,27,32,37,42,47,52,57,62,67;2:68,69,74,79,84,89,94,99;3:103,104,109,114,119,124,129,134,139,144,149,154,159,164;4:166,167,172,177,182,187;5:191,192,197,202,207;6:211,212,217,222,227,232,237,242,247,252,257,262,267,272,277,282,287,292,297,302,307,312,317,322,327,332,337,342;7:346,347,352,357,362,367;8:371,372,377,382,387;9:391,392,395,398,401;10:404,405,410,415,420,425,430,435,440,445,450;11:454,455,460,465,470,475,480,485,490,495,500,505,510,515,520,525;12:526;
0510141923;1:1,2,7,12,17,22,27;2:31,32,35,38,41,44;3:46,47,52,57,62,67,72,77,82,87;4:91,92,95,98,101,104;5:106,107,112,117,122,127,132,137,142,147,152,157,162,167,172,177,182,187,192,197,202,207,212,217,222,227;6:232;
0510142800;1:1,2,7,12,17,22,27;2:30,31,36,41,46,51,56,61,66;3:68,69,74,79,84,89,94,99,104,109,114,119,124,129,134,139,144,149;4:151,152,157,162,167;5:170,171,174,177,180;6:183,184,189,194,199,204,209,214,219,224,229,234,239,244,249,254,259,264,269;7:271,272,277,282,287,292,297,302;8:303,304,309,314,319,324,329;9:331,332,335,338,341,344;10:345,346,351,356,361,366,371,376,381,386,391,396,401,406,411,416,421,426,431,436,441,446,451,456,461,466;11:471,472,477,482,487;12:491,492,497,502,507,512,517,522,527,532,537,542,547;13:551,552,557,562,567,572,577,582,587,592,597,602;14:605,606,611,616,621,626,631,636,641,646,651,656,661,666,671,676,681,686,691,696,701,706,711,716,721,726,731,736,741,746;15:750,751,756,761;16:766,767,772,777,782,787,792,797,802,807,812,817,822,827,832,837,842,847,852,857,862,867,872,877,882,887,892,897,902,907,912,917,922,927,932,937,942,947,952,957,962,967,972,977,982,987,992,997,1002,1007;17:1010;
0510144350;1:1,2,7,12,17,22,27;2:31,32,35,38,41,44;3:46,47,50,53,56;4:58,59,64,69,74,79,84,89,94,99,104,109,114,119,124,129;5:131,132,135,138,141,144;6:145,146,151,156,161,166,171,176,181,186;7:191,192,197,202,207;8:211,212,217,222,227,232,237,242;9:247,248,253,258,263,268,273,278,283,288;10:291,292,297,302,307,312,317,322,327;11:331,332,337,342,347,352,357,362,367,372,377,382,387,392,397,402,407,412,417;12:422;
0510143446;1:1,2,7,12,17,22,27;2:31,32,37,42,47,52;3:56,57,60,63,66,69;4:71,72,77,82,87,92,97,102,107,112,117,122,127,132,137,142,147,152,157,162,167;5:172,173,178,183,188;6:189,190,193,196,199,202;7:203,204,209,214,219,224;8:226,227,232,237,242;9:244;
0510144215;1:1,2,7,12,17,22,27;2:31,32,37,42,47,52,57,62;3:66,67,72,77,82,87,92,97,102,107,112,117,122,127,132;4:136,137,142,147,152,157,162,167;5:171,172,177,182,187;6:191,192,197,202,207;7:211,212,215,218,221,224;8:226,227,232,237,242,247;9:251,252,257,262,267,272,277,282,287,292,297,302,307,312,317,322,327,332,337,342;10:347;
0510141947;1:1,2,7,12,17,22,27,32,37,42;2:46,47,52,57,62,67,72,77,82,87,92,97,102,107,112,117,122,127,132;3:133,134,139,144,149;4:151,152,157,162,167,172,177,182,187,192,197,202,207,212,217,222;5:226,227,232,237,242,247,252,257,262;6:266;
0510144139;1:1,2,7,12,17,22,27,32,37,42,47;2:51,52,57,62,67;3:71,72,77,82,87,92,97,102,107,112,117,122,127,132,137,142,147,152,157,162,167,172,177,182,187;4:191,192,197,202,207;5:211,212,217,222,227,232,237,242;6:247,248,253,258,263,268;7:271,272,277,282,287;8:291,292,297,302,307,312,317,322,327,332,337,342,347,352,357,362,367,372,377,382,387,392;9:394;
0510142419;1:1,2,7,12,17,22,27,32,37,42;2:46,47,52,57,62,67;3:69,70,75,80,85;4:86,87,92,97,102,107,112,117,122,127,132,137,142,147;5:151,152,157,162,167,172,177,182,187;6:191,192,197,202,207;7:211,212,217,222,227,232,237,242,247;8:251,252,257,262,267;9:271,272,275,278,281,284;10:286,287,292,297,302,307,312,317,322,327,332,337,342;11:346,347,352,357,362,367;12:368,369,374,379,384,389,394,399,404;13:406,407,410,413,416;14:418,419,424,429,434,439,444;15:448,449,454,459,464,469,474,479;16:484,485,490,495,500,505;17:506,507,512,517,522;18:526,527,532,537,542,547,552,557,562,567;19:571,572,577,582,587,592,597,602,607;20:609,610,615,620,625,630,635,640,645,650,655,660,665;21:666,667,672,677,682,687,692,697,702,707,712,717,722,727,732,737,742,747,752,757,762,767,772,777,782,787,792;22:796,797,802,807,812,817,822,827,832,837,842,847,852,857,862,867;23:871,872,877,882,887,892,897,902,907,912,917,922,927,932,937,942,947,952,957,962,967,972,977,982,987;24:991,992,997,1002,1007,1012,1017,1022,1027,1032,1037,1042,1047;25:1051,1052,1055,1058,1061,1064;26:1065;
1204175316;1:1,2,7,12,17,22,27,32,37,42,47,52;2:56,57,60,63,66,69;3:71,72,77,82,87,92,97,102,107,112,117,122,127;4:131,132,137,142,147;5:151,152,157,162,167,172,177,182,187;6:191,192,197,202,207;7:208,209,212,215,218;8:220,221,226,231,236,241,246;9:251,252,257,262,267,272,277,282,287,292,297,302,307,312,317,322,327,332,337,342,347,352,357,362,367;10:369,370,375,380,385;11:388,389,394,399,404;12:405;
1204174314;1:40,41,46,51,56;2:60,61,66,71;3:76,77,80,83,86;4:89,90,95,100,105;5:106,107,112,117,122,127,132;6:136,137,140,143,146,149;7:151,152,157,162,167,172,177,182,187,192,197,202,207,212,217,222,227,232,237,242,247;8:249,250,255,260,265,270,275,280,285,290,295,300,305,310,315,320,325,330,335,340,345;9:346,347,352,357,362,367,372,377,382,387;10:388,389,394,399,404;11:406,407,412,417,422,427,432,437,442,447;12:451,452,457,462,467,472,477,482,487,492,497,502,507,512,517,522,527,532,537,542,547,552,557,562,567,572,577,582,587,592,597,602,607;13:611,612,617,622,627,632,637,642;14:643,644,649,654,659,664,669;15:671,672,677,682,687,692,697,702,707,712,717,722,727,732,737,742,747,752,757,762,767,772,777,782,787;16:791,792,795,798,801;17:803;
1204175622;1:1,2,7,12,17,22,27,32,37,42,47,52,57,62,67;2:71,72,77,82,87,92,97,102,107,112,117,122;3:127,128,133,138,143,148,153,158,163;4:166,167,172,177,182,187;5:190,191,196,201,206,211,216,221,226,231,236,241,246,251,256,261,266;6:271,272,277,282,287,292,297,302,307;7:311,312,317,322,327,332,337,342,347,352,357,362;8:366;
0510144057;1:1,2,7,12,17,22,27,32,37,42,47,52,57,62,67;2:68,69,74,79,84,89;3:91,92,97,102,107,112,117,122,127,132,137,142,147,152,157,162,167,172,177,182,187,192,197,202,207;4:211,212,215,218,221,224;5:226,227,232,237,242,247;6:251,252,257,262,267,272,277,282,287;7:291,292,297,302,307,312,317,322,327;8:329,330,335,340,345,350,355,360,365,370,375,380,385,390,395,400,405,410,415;9:420;
0510143426;1:1,2,7,12,17,22,27;2:29,30,35,40,45,50,55,60,65,70,75;3:76,77,80,83,86;4:89,90,95,100,105,110,115,120,125,130,135,140,145,150,155,160,165,170,175,180,185;5:186,187,192,197,202;6:206,207,212,217,222,227,232,237;7:242;
1204175902;1:1,2,7,12,17,22,27;2:31,32,35,38,41,44;3:46,47,52,57,62,67;4:71,72,77,82,87,92,97,102,107,112,117,122;5:125,126,131,136,141,146;6:151,152,155,158,161,164;7:166,167,172,177,182;8:183,184,187,190,193;9:196,197,202,207,212,217,222,227,232,237,242,247;10:251,252,257,262,267;11:271,272,275,278,281,284;12:286,287,292,297,302,307,312;13:316,317,322,327,332,337,342;14:343,344,349,354,359,364,369;15:371,372,377,382,387;16:391,392,395,398,401,404;17:406,407,412,417,422,427,432,437,442,447,452,457,462;18:465;
1204173536;1:46,47,52,57,62,67;2:71,72,77,82,87,92,97,102;3:103,104,109,114,119,124,129;4:131,132,137,142,147,152,157,162;5:167,168,173,178,183,188,193,198,203,208;6:210,211,216,221,226,231,236,241,246,251,256,261,266;7:268,269,274,279,284;8:286,287,292,297,302;9:306,307,310,313,316;10:319,320,323,326,329;11:331,332,337,342,347,352,357,362,367,372,377,382,387,392,397,402,407,412,417,422,427,432,437,442,447,452,457,462,467,472,477,482,487,492,497,502,507,512,517,522,527,532,537,542,547,552,557,562,567,572,577,582,587,592,597,602,607;12:611,612,617,622,627;13:631,632,637,642,647,652,657;14:658;
1204174024;1:40,41,46,51,56,61,66;2:71,72,77,82,87,92,97,102;3:106,107,110,113,116,119;4:121,122,125,128,131,134;5:136,137,140,143,146,149;6:151,152,157,162,167,172,177,182,187;7:191,192,197,202,207,212,217,222,227,232,237,242,247,252,257,262,267,272,277,282,287,292,297,302,307,312,317,322,327,332,337,342,347,352,357,362,367,372,377,382;8:383,384,389,394,399,404,409,414,419,424,429,434,439,444,449;9:451,452,455,458,461,464;10:466,467,472,477,482,487,492,497,502;11:504,505,510,515,520,525;12:526,527,532,537,542,547,552,557,562,567,572,577,582,587,592,597,602,607,612,617,622,627,632,637,642,647,652,657,662;13:666,667,672,677,682,687,692,697,702,707,712,717,722,727,732,737,742,747,752,757,762,767,772,777,782,787,792,797,802,807;14:811,812,817,822,827,832,837,842,847;15:851,852,857,862,867,872,877,882,887,892,897,902,907,912,917,922,927;16:931,932,937,942,947,952;17:957,958,961,964,967;18:970;
1204174844;1:51,52,55,58,61,64;2:66,67,72,77,82,87,92,97,102,107,112,117,122,127,132,137,142,147,152,157,162,167,172,177,182;3:184,185,190,195,200,205,210,215,220,225;4:226,227,230,233,236;5:239,240,245,250,255,260,265,270;6:271,272,275,278,281,284;7:286,287,292,297,302,307;8:311,312,317,322,327,332,337,342,347,352,357,362,367,372,377,382,387;9:391,392,397,402,407,412,417,422,427,432,437,442,447;10:451,452,457,462,467,472,477,482,487;11:491,492,497,502,507,512,517,522,527,532,537,542,547;12:549;
1204180612;1:1,2,7,12,17,22,27;2:31,32,37,42,47,52,57,62,67;3:71,72,77,82,87,92,97,102,107;4:111,112,117,122,127,132,137,142,147,152,157,162;5:166,167,172,177,182,187,192;6:196,197,202,207,212,217,222,227,232,237,242,247,252,257,262,267,272,277,282,287;7:291,292,297,302,307;8:311,312,317,322,327,332,337,342;9:346,347,352,357,362,367,372,377,382,387,392,397,402,407;10:411,412,417,422,427,432,437,442,447;11:448,449,454,459,464,469,474,479,484,489,494,499,504,509;12:510;
1204175103;1:1,2,7,12,17,22,27,32,37;2:42,43,48,53,58;3:59,60,63,66,69;4:71,72,77,82,87;5:91,92,97,102,107,112,117,122,127,132,137,142,147,152,157,162;6:166,167,172,177,182,187,192,197,202,207,212;7:216,217,222,227,232,237,242;8:245,246,251,256,261,266,271,276,281,286,291,296,301,306;9:311,312,317,322,327;10:328,329,334,339,344,349,354,359,364,369;11:371,372,377,382,387;12:391,392,397,402,407,412,417;13:418,419,422,425,428;14:431,432,437,442,447,452,457,462;15:466,467,472,477,482,487;16:491,492,497,502,507,512,517,522;17:524,525,530,535,540,545,550;18:551,552,557,562,567,572,577,582;19:585,586,591,596,601,606,611,616,621,626,631,636,641;20:646,647,652,657,662,667,672;21:675;
0510144450;1:1,2,7,12,17,22,27;2:31,32,35,38,41,44;3:46,47,52,57,62,67,72,77,82,87,92,97,102,107,112,117,122,127,132,137,142,147,152,157,162;4:166,167,172,177,182,187,192,197,202,207;5:211,212,217,222,227,232,237,242,247,252,257,262,267,272,277,282,287;6:291,292,297,302,307,312,317,322,327,332,337,342;7:346,347,352,357,362,367;8:371,372,377,382,387,392,397,402,407,412,417,422,427,432,437,442,447;9:450;
0510143618;1:1,2,7,12,17,22,27,32,37,42;2:46,47,52,57,62,67;3:70,71,76,81,86,91,96,101,106,111,116,121,126;4:131,132,137,142,147,152,157,162,167,172,177,182,187,192,197,202,207,212,217,222,227,232,237,242,247;5:251,252,257,262,267,272,277;6:278,279,282,285,288;7:291;
0510144324;1:1,2,7,12,17,22,27,32,37,42;2:46,47,50,53,56,59;3:60,61,66,71;4:76,77,82,87,92,97,102,107,112,117,122,127;5:131,132,137,142,147,152,157,162,167,172,177,182,187;6:191,192,197,202,207;7:211,212,215,218,221,224;8:225,226,231,236,241,246,251,256;9:261,262,267,272,277,282;10:286,287,292,297,302,307,312,317,322,327,332,337,342,347,352,357,362,367,372;11:376,377,382,387,392,397,402,407,412,417,422,427,432,437,442,447;12:451,452,457,462,467;13:471,472,477,482,487,492,497,502,507,512,517,522,527,532,537;14:541;
1204174740;1:30,31,36,41,46;2:51,52,57,62;3:67,68,73,78,83,88,93,98,103,108,113,118,123;4:126,127,132,137,142,147,152,157,162;5:166,167,172,177,182,187;6:191,192,197,202,207;7:211,212,215,218,221,224;8:226,227,232,237,242,247;9:251,252,257,262,267;10:271,272,277,282,287,292;11:295,296,301,306,311,316,321,326,331,336,341,346,351,356,361,366,371,376,381;12:385,386,391,396,401,406,411,416,421;13:422,423,428,433,438,443,448,453,458,463,468;14:471,472,477,482,487,492,497,502;15:505;
1204175451;1:1,2,7,12,17,22,27,32,37,42;2:46,47,52,57,62,67;3:71,72,77,82,87,92,97,102,107,112,117,122,127,132,137,142,147,152,157,162;4:166,167,172,177,182,187,192,197,202,207,212,217,222,227,232,237;5:242,243,246,249,252;6:255,256,261,266;7:271,272,277,282,287,292,297,302,307,312,317,322,327;8:331,332,337,342,347,352,357,362,367;9:370;
1204173846;1:40,41,46,51,56,61,66,71;2:76,77,80,83,86,89;3:91,92,95,98,101,104;4:106,107,112,117,122,127,132,137,142,147;5:151,152,157,162,167,172,177,182,187,192,197,202,207,212,217,222,227,232,237,242,247;6:251,252,257,262,267,272,277,282,287;7:291,292,297,302,307,312,317,322,327,332,337,342,347,352,357,362,367;8:371,372,377,382,387;9:391,392,397,402,407,412,417,422;10:426,427,432,437,442,447,452,457,462,467,472,477,482,487,492,497,502,507,512,517,522,527,532,537,542,547,552,557,562,567;11:571,572,577,582,587,592,597,602,607,612;12:616,617,622,627,632,637,642,647,652,657,662,667,672,677,682,687,692,697,702,707;13:711,712,717,722,727;14:731,732,737,742,747,752;15:753;
0510171810;1:1,2,7,12,17,22,27;2:31,32,37,42,47,52,57,62,67;3:71,72,77,82,87,92,97,102,107;4:111,112,117,122,127,132,137,142,147,152,157,162,167;5:171,172,177,182,187;6:191,192,195,198,201,204;7:206,207,212,217,222,227;8:231,232,237,242,247;9:251,252,257,262,267;10:270,271,276,281;11:286;
0510173217;1:1,2,7,12,17,22,27;2:31,32,35,38,41;3:44,45,50,55,60,65,70,75,80,85,90;4:91,92,97,102,107,112,117,122,127,132,137,142,147,152,157,162,167,172,177,182,187,192,197,202,207,212,217,222;5:226,227,232,237,242;6:246;
0510172745;1:1,2,7,12,17,22,27;2:28,29,34,39,44,49,54,59,64,69,74,79,84,89;3:91,92,97,102,107,112,117,122,127,132,137,142,147,152,157,162,167;4:170;
0510172333;1:1,2,7,12,17,22,27;2:31,32,35,38,41,44;3:46,47,52,57,62,67,72,77,82,87,92,97;4:100,101,106,111,116,121,126;5:131,132,135,138,141,144;6:145,146,151,156,161,166,171,176,181,186,191,196,201,206,211,216,221;7:226,227,232,237,242,247,252,257,262,267,272,277,282,287,292,297,302,307,312,317,322,327,332,337,342,347,352,357,362,367,372,377,382,387,392,397,402,407,412,417,422,427;8:431,432,437,442,447,452,457,462,467,472,477,482,487,492,497,502,507,512,517,522,527;9:531,532,535,538,541;10:543;
0510172725;1:1,2,7,12,17,22,27;2:31,32,37,42,47,52,57,62,67,72;3:76,77,82,87,92,97,102,107,112,117,122,127;4:131,132,135,138,141,144;5:146;
0204141007;1:1,2,7,12,17,22,27;2:31,32,35,38,41,44;3:45,46,51,56,61,66,71,76,81,86,91,96,101;4:105,106,111,116,121,126,131,136,141,146,151,156,161,166,171,176,181,186;5:191,192,197,202,207;6:210,211,216,221;7:226,227,232,237,242,247,252,257,262,267,272,277,282;8:285,286,291,296,301,306,311,316,321,326;9:331,332,337,342,347,352,357,362,367,372,377,382;10:385,386,391,396,401,406,411,416,421,426,431,436,441,446;11:451,452,457,462,467,472,477,482,487,492,497,502,507,512,517,522,527,532,537,542,547;12:551;
0510172049;1:1,2,7,12,17,22,27;2:29,30,35,40,45,50,55;3:59,60,65,70,75,80,85,90;4:91,92,97,102,107,112,117,122;5:126,127,132,137,142,147,152,157,162,167,172,177,182,187;6:191,192,197,202,207;7:211,212,215,218,221,224;8:225,226,231,236,241,246;9:251,252,257,262,267;10:271,272,277,282,287,292,297,302,307,312,317,322,327;11:331,332,335,338,341,344;12:346;
1130151025;1:1,2,7,12,17,22,27;2:31,32,35,38,41;3:44,45,50,55,60,65,70;4:71,72,77,82,87,92,97,102,107,112,117,122,127;5:131,132,137,142,147;6:151,152,155,158,161,164;7:166,167,172,177,182,187,192,197,202,207;8:211,212,217,222,227,232,237,242,247;9:251,252,257,262,267,272,277,282;10:283,284,289,294,299,304,309;11:311,312,317,322,327;12:331,332,335,338,341,344;13:346,347,352,357,362,367,372,377,382,387,392,397,402;14:406,407,412,417,422,427;15:430;
0510172425;1:1,2,7,12,17,22,27,32,37,42,47,52,57,62,67,72,77,82,87,92,97,102,107;2:111,112,115,118,121;3:123,124,129,134,139,144,149,154,159,164,169,174,179,184,189;4:191,192,197,202,207,212,217;5:218,219,224,229,234,239,244,249,254;6:256,257,260,263,266,269;7:271,272,277,282,287,292,297,302,307,312,317,322,327,332,337,342,347,352,357,362,367;8:371,372,377,382,387;9:391,392,397,402,407,412,417,422,427,432,437,442,447;10:449,450,455,460,465;11:466,467,472,477,482,487,492,497,502;12:503;
1130151710;1:1,2,7,12,17,22,27,32,37,42;2:44,45,50,55,60,65,70,75,80,85,90,95,100,105;3:106,107,112,117,122;4:126,127,132,137,142,147;5:150,151,156,161,166,171,176,181,186,191,196,201,206;6:211,212,217,222,227,232,237,242;7:247;
0510173714;1:1,2,7,12,17,22,27,32,37;2:42,43,48,53,58,63,68,73,78,83,88;3:91,92,97,102,107,112,117,122,127;4:131,132,137,142,147,152,157,162,167;5:171,172,177,182,187,192;6:196,197,202,207,212,217,222,227,232,237,242,247,252,257,262,267,272,277,282,287,292,297,302,307,312,317,322,327,332,337,342,347,352,357,362,367,372,377,382,387,392,397,402,407,412,417,422,427,432,437,442;7:444,445,450,455,460,465,470,475,480,485,490,495,500,505,510,515,520,525;8:526,527,532,537,542,547,552,557,562,567;9:571,572,575,578,581,584;10:586,587,592,597,602;11:605;
0510173634;1:16,17,22,27,32,37,42,47,52,57;2:60,61,66,71;3:76,77,80,83,86,89;4:91,92,95,98,101,104;5:106,107,110,113,116,119;6:121,122,127,132,137,142,147;7:151,152,157,162,167,172,177,182,187,192,197,202,207,212,217,222,227,232,237,242,247,252,257,262,267,272,277,282,287,292;8:293;
0510172851;1:1,2,7,12,17,22,27,32,37,42,47,52,57,62,67;2:70,71,76,81,86,91,96,101,106,111,116,121,126,131,136,141,146,151,156,161;3:164;
0204140840;1:1,2,7,12,17,22,27,32,37,42,47,52,57,62,67,72;2:76,77,82,87,92,97,102;3:106,107,112,117,122;4:127,128,133,138,143,148;5:151,152,155,158,161,164;6:166,167,172,177,182,187;7:191,192,197,202,207,212,217,222,227,232,237,242,247,252,257,262,267,272,277,282,287,292,297,302,307,312,317;8:321,322,327,332,337,342;9:346,347,352,357,362,367,372,377,382,387,392,397,402,407;10:411;
0510173506;1:1,2,7,12,17,22,27,32,37,42,47,52,57,62,67,72,77,82,87,92,97,102,107,112,117,122,127,132,137,142,147;2:151,152,157,162,167,172,177,182,187,192,197,202,207,212,217,222,227,232,237,242,247,252,257,262,267,272,277,282;3:286,287,292,297,302,307,312,317,322,327,332,337,342,347,352,357,362,367,372,377,382,387,392,397,402,407,412,417,422,427,432,437,442,447,452,457,462,467,472,477,482,487;4:491,492,497,502,507,512,517,522,527,532,537,542,547,552,557,562,567,572,577,582,587,592,597,602,607;5:610;
1130144814;1:30,31,36,41;2:46,47,52,57,62,67;3:71,72,77,82,87;4:89,90,95,100,105,110,115;5:117,118,123,128,133,138,143,148,153,158,163,168,173,178,183,188,193,198,203,208;6:211,212,217,222,227,232,237,242,247;7:251,252,257,262,267,272,277,282;8:286,287,292,297,302,307,312;9:316,317,322,327,332,337,342,347,352,357,362,367,372,377,382,387,392,397,402,407,412,417,422,427,432,437,442,447,452,457,462,467,472,477,482,487,492,497,502,507,512,517,522,527,532,537,542,547,552,557,562,567,572,577,582;10:585,586,591,596;11:601;
1130145737;1:25,26,31,36,41,46,51;2:56,57,62,67,72,77,82,87;3:91,92,97,102,107,112,117,122,127;4:131,132,137,142,147,152,157,162;5:163,164,169,174,179,184,189,194,199,204,209,214,219,224,229,234,239,244,249,254,259;6:263,264,269,274,279,284,289,294,299,304,309;7:311,312,317,322,327;8:331,332,335,338,341,344;9:346,347,352,357,362,367,372,377,382,387,392,397,402;10:405,406,411,416,421,426;11:427,428,433,438,443,448;12:451,452,457,462,467,472;13:475;
0510173203;1:1,2,7,12,17,22,27,32,37,42;2:46,47,52,57,62,67,72,77,82,87,92,97,102,107,112,117,122,127,132,137,142,147,152,157;3:162,163,168,173,178,183,188,193,198,203,208;4:211;
0510172015;1:1,2,7,12,17,22,27,32,37,42;2:45,46,51,56,61,66,71,76,81,86,91,96,101,106;3:111,112,117,122,127,132,137,142;4:145,146,151,156,161,166;5:171,172,177,182;6:187,188,193,198,203,208,213,218,223;7:226,227,232,237,242;8:245,246,251,256,261,266;9:271,272,275,278,281,284;10:286,287,292,297,302,307,312,317,322,327,332;11:335;
1130144713;1:20,21,26,31,36;2:37,38,41,44,47,50;3:51,52,57,62,67;4:69,70,75,80;5:85,86,91,96,101;6:103,104,109,114,119,124,129,134,139,144,149,154,159,164,169,174,179,184,189,194,199,204,209,214,219,224,229,234,239,244,249,254,259,264,269;7:271,272,275,278,281,284;8:286,287,292,297,302,307,312,317,322,327;9:331,332,335,338,341,344;10:346,347,352,357,362,367,372,377,382;11:386,387,392,397,402,407,412,417,422,427;12:429,430,435,440,445,450,455,460;13:464,465,470,475,480,485,490;14:491;
1130145835;1:1,2,7,12,17,22,27;2:31,32,35,38,41,44;3:46,47,52,57,62,67,72,77,82,87;4:91,92,97,102,107;5:110,111,116,121,126;6:130,131,136,141,146,151,156,161,166,171,176,181,186,191,196,201,206;7:211,212,217,222,227,232,237,242,247,252,257,262,267,272,277,282;8:286,287,292,297,302,307,312,317,322,327,332,337,342,347;9:348,349,354,359,364,369,374;10:376,377,380,383,386,389;11:391,392,395,398,401,404;12:406,407,412,417,422,427,432,437,442,447;13:451,452,457,462,467,472,477,482,487;14:490,491,496,501,506,511,516,521,526,531,536;15:540,541,546,551,556,561,566,571,576,581;16:585;
1130151500;1:1,2,7,12,17,22,27;2:31,32,35,38,41,44;3:46,47,52,57,62,67,72,77,82,87;4:91,92,95,98,101,104;5:106,107,112,117,122,127;6:131,132,137,142,147;7:151,152,157,162,167;8:171,172,177,182,187;9:191,192,197,202,207;10:211,212,215,218,221;11:224,225,228,231,234,237;12:238,239,242,245,248;13:251,252,257,262,267;14:271,272,277,282,287,292,297,302,307;15:311,312,317,322,327;16:331,332,335,338,341,344;17:346,347,352,357,362,367;18:370;
1130151121;1:1,2,7,12,17,22,27;2:31,32,35,38,41,44;3:46,47,52,57,62;4:65,66,71,76,81,86,91,96,101,106,111,116,121,126;5:131,132,137,142,147,152,157,162,167,172,177,182;6:185;
0204141211;1:1,2,7,12,17,22,27;2:31,32,37,42,47,52,57,62,67,72,77,82,87;3:91,92,97,102,107,112,117,122,127;4:131,132,137,142,147;5:151,152,155,158,161,164;6:166,167,172,177,182,187,192,197,202,207;7:211,212,215,218,221,224;8:226,227,232,237,242,247,252;9:256,257,260,263,266,269;10:271,272,275,278,281,284;11:286,287,292,297,302,307,312,317,322,327;12:331,332,337,342,347,352,357,362,367,372,377,382,387;13:392;
0510173051;1:1,2,7,12,17,22,27;2:30,31,36,41,46;3:48,49,54,59,64,69,74,79,84,89,94,99,104,109,114,119,124,129,134,139,144,149,154,159,164,169,174,179,184,189,194,199,204,209;4:211,212,215,218,221,224;5:226;
1130151154;1:1,2,7,12,17,22,27,32,37,42,47;2:51,52,57,62,67;3:71,72,77,82,87,92,97,102,107,112,117,122;4:123,124,127,130,133;5:136,137,140,143,146,149;6:151,152,155,158,161,164;7:165;
0510172557;1:1,2,7,12,17,22,27;2:29,30,33,36,39;3:41,42,47,52,57,62,67,72,77,82,87,92,97,102;4:106,107,112,117,122,127;5:131,132,137,142,147;6:148,149,154,159,164,169,174,179,184,189;7:191,192,197,202,207;8:208,209,214,219,224,229,234,239,244,249,254,259,264,269,274,279,284;9:286,287,292,297,302,307,312,317,322,327,332;10:336,337,342,347,352,357,362,367,372,377,382,387,392,397,402;11:406,407,412,417,422,427;12:431,432,437,442,447,452,457,462,467,472,477,482;13:484;
1130144242;1:31,32,35,38,41,44;2:46,47,52,57,62,67,72,77,82,87;3:91,92,97,102,107,112;4:116,117,122,127,132,137,142,147,152,157,162,167,172,177,182,187,192,197,202,207,212,217,222,227,232,237,242,247;5:251,252,257,262,267,272,277,282;6:286,287,292,297,302,307,312,317,322,327,332,337,342,347,352,357,362,367,372,377,382,387,392,397,402;7:404,405,410,415,420;8:425,426,431,436,441,446,451,456,461,466,471,476,481,486,491,496,501,506,511,516,521,526,531,536,541,546,551,556,561,566,571,576,581,586,591,596,601,606,611,616,621,626,631,636,641,646,651,656,661,666,671,676,681,686,691,696,701,706,711,716,721,726,731,736,741,746,751,756,761,766,771,776,781,786,791;9:795,796,801,806;10:811;
1130150747;1:1,2,7,12,17,22,27;2:31,32,37,42,47,52;3:57,58,63,68,73,78,83,88,93,98,103,108,113,118,123,128;4:131,132,137,142,147;5:151,152,155,158,161,164;6:166,167,172,177,182,187,192;7:196,197,202,207,212,217,222;8:226,227,232,237,242,247,252;9:256,257,260,263,266,269;10:271;
1130144557;1:20,21,26,31,36;2:37,38,41,44,47,50;3:51,52,57,62,67;4:69,70,75,80,85;5:88,89,94,99,104,109,114,119,124,129,134,139,144,149,154,159,164,169,174,179,184,189,194,199,204,209,214,219,224,229;6:231,232,237,242,247;7:250,251,256,261,266;8:270,271,276,281,286,291,296,301,306,311,316,321,326,331,336,341,346,351,356,361,366;9:371,372,377,382,387,392,397,402,407,412,417,422,427,432,437;10:442,443,448,453,458,463,468,473,478,483,488,493,498,503,508,513,518,523;11:526,527,532,537,542,547;12:550;
1130150135;1:25,26,31,36,41,46,51,56;2:57,58,63,68,73,78,83,88,93,98,103,108,113,118,123,128,133,138,143,148,153,158,163,168,173,178,183,188;3:190,191,196,201,206;4:211,212,217,222,227,232,237,242,247;5:251,252,257,262,267,272,277,282;6:283,284,289,294,299,304,309;7:310,311,316,321,326;8:331,332,337,342,347,352,357,362,367;9:371,372,377,382,387,392,397,402;10:406,407,412,417,422,427,432,437,442,447;11:451;
0511140450;1:1,2,7,12,17,22,27,32,37,42,47,52,57,62,67,72,77;2:81,82,85,88,91,94;3:95,96,101,106;4:111,112,117,122,127,132,137,142,147,152,157,162,167,172,177,182;5:185,186,191,196,201,206;6:211,212,217,222,227,232,237,242,247;7:251,252,257,262,267,272,277,282;8:286,287,290,293,296,299;9:301,302,307,312,317,322,327,332,337,342,347,352,357,362,367,372,377,382,387,392,397,402,407,412,417,422;10:425,426,431,436,441,446,451,456,461,466,471,476,481,486,491,496,501,506,511,516,521,526,531,536,541,546,551;11:556,557,560,563,566,569;12:571,572,575,578,581,584;13:586,587,590,593,596;14:598,599,604,609,614,619,624,629,634,639,644;15:648,649,654,659,664,669;16:670;
0511140410;1:1,2,7,12,17,22,27,32,37,42,47;2:51,52,57,62,67,72,77,82;3:87,88,93,98,103,108;4:111,112,117,122,127,132,137,142,147,152,157,162;5:163,164,169,174,179,184,189;6:191,192,197,202,207;7:211,212,217,222,227,232,237,242,247,252,257,262,267,272,277,282;8:284,285,290,295,300,305;9:310,311,316,321,326,331,336,341,346;10:351,352,357,362,367;11:371,372,375,378,381;12:384,385,390,395,400,405;13:406,407,412,417,422,427,432;14:434,435,440,445,450;15:451,452,455,458,461,464;16:466,467,472,477,482,487,492,497,502,507,512,517,522;17:526,527,532,537,542,547;18:550,551,556,561,566;19:571,572,575,578,581,584;20:586,587,592,597,602,607,612,617,622,627,632,637,642,647,652,657,662,667,672;21:675;
0129114153;1:1,2,7,12,17,22,27;2:31,32,35,38,41;3:43,44,49,54,59,64,69;4:71,72,77,82,87;5:91,92,95,98,101,104;6:106,107,112,117,122,127;7:131,132,137,142,147,152,157,162,167,172,177,182,187;8:191,192,195,198,201,204;9:205,206,211,216,221,226,231,236,241,246;10:251,252,257,262,267,272,277,282;11:286,287,292,297,302,307;12:311,312,317,322,327,332,337,342,347,352,357;13:362,363,368,373,378,383,388,393,398,403,408,413,418,423;14:428;
0505002750;1:1,2,7,12,17,22,27,32,37,42,47;2:51,52,57,62,67;3:71,72,77,82,87,92,97,102,107,112,117,122,127,132,137,142;4:143,144,149,154,159,164;5:166,167,172,177,182,187;6:191,192,195,198,201;7:203,204,209,214,219,224;8:226,227,232,237,242,247;9:251,252,255,258,261,264;10:266,267,272,277,282,287,292,297,302,307,312,317,322,327,332,337,342,347,352,357,362;11:364,365,370,375,380,385,390,395,400,405,410,415,420,425,430,435,440,445,450,455,460,465;12:466,467,472,477,482,487;13:491,492,497,502,507;14:511,512,517,522,527,532,537,542,547,552,557;15:560;
0129114054;1:1,2,7,12,17,22,27;2:31,32,35,38,41;3:44,45,50,55,60,65,70,75,80,85,90;4:91,92,95,98,101,104;5:106,107,112,117,122,127;6:128,129,134,139,144,149,154,159,164;7:166,167,172,177,182,187;8:191,192,195,198,201;9:203,204,207,210,213,216;10:217,218,223,228,233,238,243,248,253,258,263,268,273,278,283;11:286,287,292,297,302,307,312,317,322,327,332,337,342;12:346,347,352,357,362,367,372,377,382,387;13:388,389,394,399,404,409,414,419,424,429;14:431,432,437,442,447,452,457,462;15:465;
0511141338;1:1,2,7,12,17,22,27,32;2:37,38,43,48,53,58,63;3:66,67,72,77,82,87,92,97,102;4:106,107,112,117,122,127,132,137,142,147,152,157,162,167,172,177,182,187,192,197,202,207;5:211,212,217,222,227,232,237;6:240,241,246,251;7:256,257,262,267,272,277,282,287,292,297,302,307,312,317,322,327,332,337,342,347,352,357,362,367;8:371,372,377,382,387,392,397,402,407,412,417,422,427;9:431,432,437,442,447,452,457,462,467,472,477;10:478,479,484,489,494,499,504,509,514,519,524,529,534,539,544,549,554,559,564,569,574,579,584,589,594,599,604,609,614,619,624,629;11:631,632,635,638,641,644;12:646,647,652,657,662,667,672,677,682,687;13:691,692,697,702,707,712,717,722,727,732,737,742,747,752,757,762,767,772,777,782,787;14:791,792,797,802,807,812,817,822,827,832,837,842,847,852,857,862,867,872,877,882,887,892,897,902,907,912,917,922,927,932,937,942,947,952,957,962,967,972,977,982,987,992,997,1002;15:1006,1007,1012,1017,1022,1027;16:1028;
0504233253;1:1,2,7,12,17,22,27,32,37;2:40,41,46,51,56,61,66,71,76,81;3:84,85,90,95,100;4:102,103,108,113,118,123,128,133,138,143,148,153,158,163,168,173,178,183,188,193,198,203;5:208;
0126141638;1:50,51,56,61,66,71,76,81,86,91,96,101;2:106,107,112,117,122,127,132,137,142,147;3:148,149,152,155,158;4:161,162,167,172,177,182,187,192,197,202,207;5:211,212,217,222,227,232,237,242,247,252,257,262,267,272;6:273,274,279,284,289,294,299,304,309,314,319,324,329,334,339,344,349,354,359,364,369;7:373,374,379,384,389,394,399,404,409,414,419,424;8:425,426,431,436,441,446,451,456,461,466,471,476,481,486;9:491,492,495,498,501,504;10:505,506,511,516,521,526;11:531,532,537,542,547;12:551,552,557,562,567,572,577,582,587,592,597;13:601,602,607,612,617,622,627,632,637,642,647,652,657,662,667,672,677,682,687,692,697,702;14:704,705,710,715,720;15:724,725,728,731,734;16:736,737,740,743,746,749;17:751,752,757,762,767;18:771;
0126143251;1:46,47,52,57,62,67,72;2:76,77,80,83,86,89;3:91,92,97,102,107,112,117,122,127,132,137,142,147,152,157,162;4:165,166,171,176,181;5:184,185,190,195,200;6:201,202,207,212,217,222,227,232,237,242,247;7:251,252,257,262,267;8:271,272,277,282,287,292,297,302,307,312,317,322,327;9:329,330,333,336,339,342;10:343,344,349,354,359,364,369,374,379;11:381,382,387,392,397,402,407,412,417,422;12:425,426,431,436,441,446,451,456,461,466,471,476,481,486,491,496,501,506,511,516,521,526,531,536,541,546,551,556,561,566,571,576,581;13:586,587,590,593,596;14:598,599,604,609,614,619,624,629,634,639;15:644;
0126143115;1:35,36,41,46,51,56,61,66,71;2:76,77,80,83,86,89;3:91,92,97,102,107;4:109,110,115,120,125;5:129,130,135,140,145,150,155,160;6:164,165,170,175,180,185,190;7:191,192,197,202,207,212,217,222,227,232,237,242,247,252,257,262,267;8:271,272,275,278,281,284;9:286,287,290,293,296;10:298,299,304,309,314,319,324,329;11:330,331,336,341,346,351,356,361,366,371,376,381,386;12:391,392,397,402,407,412,417,422,427,432;13:436,437,442,447,452,457;14:461;
0505003237;1:1,2,7,12,17,22,27;2:31,32,35,38,41;3:44,45,50,55,60,65,70,75,80,85;4:88,89,94,99,104,109,114,119,124,129,134,139,144,149,154,159,164,169,174,179,184;5:189,190,195,200,205,210,215,220,225;6:226,227,232,237,242,247,252;7:256,257,262,267,272,277,282,287;8:291,292,297,302,307,312,317,322,327,332,337,342;9:346,347,352,357,362,367,372,377,382,387,392,397,402,407,412,417,422,427,432,437,442,447;10:451,452,457,462,467,472,477,482,487,492,497,502,507,512,517,522,527,532,537,542;11:544,545,548,551,554;12:556,557,560,563,566,569;13:571,572,577,582,587,592,597,602;14:607,608,613,618,623,628,633;15:636;
0511141231;1:1,2,7,12,17,22,27,32,37,42,47,52,57,62,67;2:68,69,74,79,84,89;3:91,92,97,102,107,112,117,122,127;4:131,132,137,142,147,152,157,162,167,172,177,182,187,192,197,202;5:207,208,213,218,223,228,233,238;6:240,241,246,251,256,261,266,271,276,281;7:286,287,292,297,302,307;8:310,311,316,321,326;9:331,332,337,342,347,352,357,362,367,372;10:376,377,382,387,392,397,402,407,412,417,422,427;11:428,429,434,439,444,449;12:451,452,457,462,467,472,477,482,487,492,497,502,507,512,517,522,527,532,537,542,547,552,557,562,567,572,577,582,587,592,597,602,607,612,617,622,627,632;13:633,634,637,640,643;14:646,647,652,657,662,667,672,677,682,687,692,697,702,707,712,717,722,727;15:731,732,737,742,747,752,757,762,767,772,777,782,787,792;16:796,797,800,803,806,809;17:811,812,815,818,821,824;18:826,827,832,837,842,847,852,857,862,867;19:871,872,877,882,887,892,897,902,907,912,917,922,927,932,937,942,947,952,957,962,967,972,977,982,987,992,997,1002,1007,1012,1017,1022,1027,1032,1037,1042,1047;20:1048,1049,1054,1059,1064,1069,1074,1079,1084,1089,1094;21:1098,1099,1102,1105,1108;22:1111,1112,1117,1122,1127,1132,1137,1142,1147,1152,1157,1162,1167,1172,1177,1182;23:1186,1187,1192,1197,1202,1207,1212,1217,1222,1227;24:1230,1231,1236,1241;25:1246,1247,1252,1257,1262,1267,1272,1277;26:1280,1281,1286,1291,1296;27:1297;
0511141007;1:1,2,7,12,17,22,27,32,37,42,47,52,57,62,67,72,77,82;2:86,87,92,97,102,107;3:108,109,114,119,124,129,134,139,144,149,154,159,164,169,174,179,184,189,194,199,204,209,214,219,224;4:226,227,232,237,242,247,252,257,262,267,272,277,282,287,292,297,302,307,312;5:316,317,322,327,332,337,342,347,352,357,362,367,372,377,382,387;6:391,392,397,402,407,412,417,422,427,432,437,442,447,452,457,462,467,472,477,482;7:487,488,493,498,503,508,513,518,523,528;8:531,532,537,542,547;9:551,552,557,562,567,572,577,582,587,592,597,602,607,612,617,622,627,632;10:634,635,640,645,650,655,660,665,670,675,680,685,690,695,700,705;11:706,707,712,717,722,727,732,737,742,747,752,757,762;12:766,767,772,777,782,787,792,797,802,807,812,817,822,827,832,837,842,847,852,857,862,867,872,877,882,887,892,897,902,907,912;13:916;
0129112342;1:1,2,7,12,17,22,27,32,37,42,47,52,57,62,67,72,77,82,87,92,97,102,107,112,117,122,127,132,137,142,147,152,157,162,167,172;2:176,177,182,187,192;3:196,197,200,203,206,209;4:211,212,217,222,227,232,237,242,247;5:251,252,255,258,261,264;6:266,267,272,277,282;7:286,287,292,297,302,307,312,317,322;8:324,325,330,335,340,345,350,355,360,365,370,375,380;9:383,384,389,394,399,404,409,414;10:416;
0129111131;1:1,2,7,12,17,22,27,32,37,42;2:46,47,52,57,62,67,72;3:75,76,81,86;4:91,92,97,102,107,112,117,122,127,132,137,142,147,152,157,162,167,172,177;5:180,181,186,191;6:196,197,200,203,206;7:208,209,214,219,224;8:226,227,232,237,242,247,252,257,262,267,272,277,282;9:284,285,290,295,300,305,310,315;10:316,317,320,323,326,329;11:331,332,337,342,347,352,357,362,367,372,377,382,387;12:392,393,398,403,408,413,418,423,428;13:431,432,437,442,447;14:450;
0129112226;1:1,2,7,12,17,22,27;2:30,31,36,41;3:46,47,52,57,62,67,72;4:76,77,82,87,92,97,102,107,112,117;5:120,121,126,131,136,141,146,151,156,161,166,171,176,181,186,191,196,201,206;6:211,212,217,222,227,232,237,242,247;7:249,250,255,260,265,270,275,280,285,290,295,300,305,310,315,320,325;8:329,330,335,340,345,350,355;9:359,360,363,366,369;10:371,372,377,382,387,392,397,402;11:406,407,412,417,422,427;12:430,431,436,441,446,451,456,461,466;13:471,472,477,482,487;14:490,491,496,501,506,511,516,521,526;15:527,528,533,538,543,548,553,558,563,568,573,578;16:583,584,589,594,599,604,609,614,619,624,629;17:633,634,637,640,643;18:646,647,652,657,662,667,672,677,682,687;19:691,692,697,702,707,712,717,722,727,732,737,742;20:744,745,750,755,760,765,770,775,780,785,790;21:791,792,797,802,807,812,817,822,827,832,837,842,847,852;22:855;
0504235908;1:1,2,7,12,17,22,27,32,37,42;2:45,46,51,56,61,66,71,76,81,86,91,96,101;3:105,106,111,116,121,126,131,136,141,146,151,156,161,166,171,176,181,186,191,196,201,206;4:208,209,214,219,224,229,234,239,244,249,254,259,264;5:267;
0126143431;1:46,47,52,57,62,67,72,77,82,87;2:88,89,94,99,104,109,114,119,124,129;3:131,132,137,142,147,152,157,162,167,172,177;4:182,183,188,193,198,203,208,213,218,223;5:226,227,232,237,242;6:245,246,251,256,261,266,271,276,281,286,291,296,301,306,311,316,321,326,331,336,341,346;7:348,349,354,359,364,369,374,379,384,389,394,399,404,409,414,419,424,429,434,439,444,449;8:451,452,457,462,467,472,477,482;9:483,484,489,494,499,504,509,514,519,524,529;10:530;
0504235245;1:1,2,7,12,17,22,27;2:28,29,34,39,44,49,54,59,64,69,74,79,84;3:86,87,90,93,96,99;4:101,102,107,112,117,122,127;5:131,132,137,142,147,152,157,162,167,172,177,182,187,192,197,202,207,212,217,222,227,232,237,242,247,252;6:256,257,262,267,272,277,282,287,292;7:295,296,301,306;8:311;
0126141850;1:40,41,46,51,56,61,66,71,76,81,86,91,96,101;2:103,104,109,114,119,124,129,134,139,144;3:148,149,152,155,158;4:160,161,166,171,176,181,186;5:191,192,197,202,207,212,217,222,227,232,237,242,247,252,257,262,267,272;6:273,274,279,284,289,294,299,304,309,314,319,324;7:325,326,331,336,341,346,351,356,361,366,371,376,381,386,391,396,401,406,411,416,421,426,431;8:435,436,441,446,451,456,461;9:466,467,472,477,482,487,492,497,502,507;10:511,512,517,522,527,532,537,542;11:546,547,552,557;12:562,563,568,573,578,583,588,593,598,603;13:608,609,614,619,624,629,634,639,644,649,654,659,664,669;14:671,672,675,678,681,684;15:686,687,692,697,702,707,712,717,722,727,732;16:736;
0505002942;1:1,2,7,12,17,22,27,32,37,42;2:45,46,51,56,61,66,71,76,81,86;3:91,92,97,102,107,112,117,122,127,132,137;4:141,142,147,152,157,162;5:166,167,172,177,182,187;6:191,192,197,202,207,212,217,222;7:226,227,232,237,242;8:244,245,248,251,254;9:256,257,262,267,272,277,282,287,292,297,302,307;10:311,312,317,322,327,332,337,342;11:346,347,352,357,362,367;12:369,370,375,380,385,390,395,400,405,410,415;13:419,420,425,430,435,440,445,450;14:451,452,457,462,467,472,477,482,487;15:491;
0129112630;1:1,2,7,12,17,22,27,32,37,42,47,52,57,62,67,72,77,82,87;2:91,92,97,102,107,112,117,122,127;3:131,132,135,138,141,144;4:146,147,152,157,162;5:166,167,172,177,182,187,192,197,202,207;6:211,212,217,222,227,232,237,242,247,252,257,262,267,272,277,282,287,292,297,302,307;7:311,312,317,322,327,332,337,342;8:345,346,351,356,361,366,371,376,381,386;9:389,390,395,400,405;10:406,407,412,417,422,427,432;11:436,437,442,447,452,457,462;12:466,467,472,477,482,487,492,497,502,507;13:511,512,515,518,521;14:524,525,530,535,540;15:545,546,551,556,561,566;16:571,572,577,582,587,592,597,602,607;17:608;
0504235647;1:1,2,7,12,17,22,27,32;2:36,37,42,47,52,57,62,67,72,77,82,87,92,97,102,107,112,117,122,127,132,137,142,147,152,157,162;3:166,167,172,177,182,187,192,197,202,207;4:211,212,217,222,227,232,237;5:240;
0126142037;1:50,51,56,61,66,71,76,81,86,91,96,101;2:105,106,111,116,121,126,131,136,141,146,151,156;3:157,158,161,164,167,170;4:171,172,177,182,187,192;5:196,197,202,207,212,217,222,227,232,237,242,247;6:251,252,257,262,267,272,277,282,287,292,297,302,307,312;7:316,317,322,327,332,337,342,347,352,357,362,367,372,377,382,387,392,397,402,407,412,417,422,427,432,437,442,447,452,457,462,467,472,477,482,487,492,497,502,507,512,517,522,527,532,537,542,547,552,557,562,567,572,577,582,587,592,597,602,607,612,617,622;8:626,627,632,637,642,647;9:651,652,657,662,667;10:671,672,677,682,687,692,697,702;11:706,707,712,717,722,727,732,737,742,747;12:750,751,756,761;13:766,767,772,777,782,787,792,797,802,807,812,817,822,827,832,837,842,847;14:850,851,856,861,866,871,876,881,886,891,896;15:900,901,906,911;16:916;
0129112522;1:1,2,7,12,17,22,27;2:29,30,33,36,39;3:41,42,47,52,57,62,67,72,77,82,87;4:92,93,96,99,102,105;5:106,107,112,117,122,127,132;6:136,137,142,147,152,157,162,167,172,177,182,187,192,197,202,207,212,217,222,227,232,237,242,247,252,257,262,267,272,277,282,287,292,297,302;7:304,305,308,311,314;8:316,317,320,323,326,329;9:331,332,335,338,341,344;10:346,347,352,357,362,367;11:368,369,374,379;12:384,385,390,395,400,405;13:406,407,412,417,422,427,432,437,442,447;14:451,452,457,462,467,472,477,482,487,492,497,502;15:505,506,511,516,521;16:526,527,532,537,542,547,552;17:555,556,561,566,571,576,581,586,591,596,601;18:605,606,611,616,621,626;19:631,632,635,638,641,644;20:646,647,652,657,662,667,672,677,682,687,692,697,702;21:705,706,711,716,721,726;22:731,732,737,742,747;23:751,752,755,758,761,764;24:766,767,772,777,782,787,792;25:795;
0126142253;1:50,51,56,61,66,71,76,81,86;2:91,92,97,102,107,112,117,122,127;3:131,132,135,138,141,144;4:146,147,152,157,162;5:166,167,172,177,182,187,192,197,202,207,212,217,222;6:226,227,232,237,242,247;7:248,249,254,259,264,269,274,279,284;8:286,287,292,297,302,307,312,317,322,327;9:329,330,335,340,345,350,355,360,365,370,375,380,385,390,395,400,405,410,415,420,425,430,435,440,445,450,455,460,465,470,475,480,485,490,495,500,505,510,515,520,525;10:526,527,532,537,542,547;11:551,552,557,562,567;12:571,572,575,578,581,584;13:586,587,592,597,602,607,612,617,622;14:625,626,631,636,641,646,651,656,661;15:662,663,668,673,678,683,688,693,698,703,708,713,718,723,728,733,738;16:743,744,747,750,753,756;17:758,759,764,769,774,779,784,789;18:792;
0504232829;1:1,2,7,12,17,22,27;2:31,32,37,42,47,52,57,62,67;3:71,72,77,82,87,92,97,102,107;4:110,111,116,121,126,131,136,141,146,151,156,161,166,171,176,181,186,191,196,201,206,211,216,221,226,231,236;5:237;
0504233320;1:1,2,7,12,17,22,27;2:31,32,37,42,47,52,57,62,67;3:71,72,77,82,87,92,97,102;4:103,104,109,114,119,124,129,134,139,144,149,154,159,164,169,174,179,184,189,194,199,204,209;5:214;
0129114356;1:1,2,7,12,17,22,27;2:28,29,34,39,44,49,54,59,64,69;3:70,71,76,81,86;4:91,92,95,98,101,104;5:106,107,112,117,122,127;6:131,132,137,142,147;7:149,150,153,156,159;8:162,163,168,173;9:178,179,182,185,188;10:191,192,197,202,207;11:209,210,215,220,225,230,235,240,245,250;12:251,252,257,262,267,272,277,282;13:284,285,288,291,294;14:296,297,302,307,312,317,322,327,332,337,342;15:345,346,351,356,361,366,371,376,381;16:386,387,392,397,402,407,412,417,422,427,432,437,442,447,452,457,462,467,472,477,482,487,492,497,502,507,512,517,522,527,532,537,542,547;17:550;
0129112015;1:1,2,7,12,17,22,27;2:30,31,36,41;3:46,47,52,57,62,67;4:71,72,77,82,87,92,97,102,107,112,117,122;5:123,124,129,134,139,144,149,154,159,164,169;6:171,172,177,182,187;7:191,192,197,202,207,212,217,222,227;8:231,232,237,242,247,252,257,262,267,272,277,282;9:286,287,292,297,302,307;10:311,312,317,322,327,332,337,342;11:346,347,352,357,362,367,372,377,382,387;12:391,392,395,398,401,404;13:406,407,410,413,416,419;14:421;
0511140553;1:1,2,7,12,17,22,27;2:31,32,35,38,41;3:43,44,49,54,59,64,69,74,79;4:81,82,87,92,97;5:100,101,106,111,116,121,126,131,136,141;6:143,144,149,154,159,164,169,174,179,184;7:187,188,193,198,203,208,213,218,223,228,233,238,243,248,253,258,263,268,273,278,283,288,293,298,303,308,313,318,323,328;8:331,332,335,338,341,344;9:345,346,351,356,361,366;10:371,372,377,382,387,392;11:395,396,401,406;12:411,412,417,422,427,432,437,442;13:445,446,451,456,461,466,471,476,481,486;14:491,492,497,502,507;15:509,510,515,520,525;16:526,527,532,537,542,547;17:551,552,557,562,567,572,577,582,587,592,597,602,607;18:611,612,615,618,621;19:624;
